crossing time (s)	slope (V/s)	crossing number
1923.895646	1.533849	1110
1925.958368	1.266161	1111
1926.971935	1.296512	1112
1928.004723	1.362890	1113
1929.036580	1.342188	1114
1930.049897	1.400806	1115
1931.098051	1.133321	1116
1932.104661	1.157135	1117
1933.150372	1.202218	1118
1934.163635	1.212920	1119
1935.199437	1.219075	1120
1936.226730	1.144245	1121
1937.249033	1.154080	1122
1938.282693	1.084815	1123
1939.299155	1.100023	1124
1940.340078	1.137876	1125
1941.353543	1.108880	1126
1942.394952	1.176669	1127
1943.407850	1.168489	1128
1944.450401	1.223715	1129
1945.464059	1.204597	1130
1946.504726	1.179076	1131
1947.517966	1.180659	1132
1948.559437	1.143864	1133
1949.571812	1.174463	1134
1950.613084	1.202627	1135
1951.628113	1.178486	1136
1952.665938	1.248700	1137
1953.686886	1.192328	1138
1954.715838	1.240407	1139
1955.749540	1.108026	1140
1956.764764	1.172002	1141
1957.809208	1.117177	1142
1958.815157	1.189812	1143
1959.865538	1.137815	1144
1960.873946	1.111362	1145
1961.912393	1.129782	1146
1962.936718	1.101514	1147
1963.957705	1.124061	1148
1964.997828	1.123316	1149
1966.011327	1.096122	1150
1967.048791	1.120920	1151
1968.073132	1.078325	1152
1969.093959	1.106359	1153
1970.137014	1.098347	1154
1971.143331	1.089623	1155
1972.191598	1.131576	1156
1973.200496	1.122591	1157
1974.240624	1.166250	1158
1975.263494	1.146314	1159
1976.287361	1.150937	1160
1977.324208	1.149765	1161
1978.337849	1.124085	1162
1979.381150	1.170672	1163
1980.395212	1.121644	1164
1981.433025	1.119811	1165
1982.452472	1.113190	1166
1983.483799	1.084907	1167
1984.511837	1.013260	1168
1985.535689	1.074895	1169
1986.567026	1.080392	1170
1987.588188	0.979593	1171
1988.622284	1.193866	1172
1989.643272	1.186570	1173
1990.677680	1.040885	1174
1991.698868	1.095742	1175
1992.735340	1.004126	1176
1993.755483	1.077074	1177
1994.785541	0.977894	1178
1995.811923	1.046459	1179
1996.838834	1.029153	1180
1997.869985	1.064587	1181
1998.888381	1.092421	1182
1999.928605	1.082376	1183
2000.940863	1.112953	1184
2001.983275	1.089763	1185
2002.998276	1.069302	1186
2004.033927	1.071725	1187
2005.058993	1.031979	1188
2006.081952	1.060042	1189
2007.120056	1.040274	1190
2008.129420	1.032938	1191
2009.179006	1.042612	1192
2010.183943	1.057359	1193
2011.230904	1.071581	1194
2012.242887	1.035033	1195
2013.279334	1.043418	1196
2014.306542	1.027875	1197
2015.326024	1.054227	1198
2016.367229	1.003969	1199
2017.378760	1.024037	1200
2018.420722	1.051457	1201
2019.436947	1.036599	1202
2020.470144	1.048186	1203
2021.497671	1.006719	1204
2022.519746	1.060161	1205
2023.557019	0.991899	1206
2024.569592	1.028657	1207
2025.616813	0.948659	1208
2026.621284	1.033655	1209
2027.674535	0.920042	1210
2028.676190	1.057303	1211
2029.725000	0.978373	1212
2030.730466	1.013251	1213
2031.782331	0.969949	1214
2032.785528	0.941559	1215
2033.839028	0.995788	1216
2034.840530	1.031852	1217
2035.891325	0.982139	1218
2036.892857	1.007102	1219
2037.945033	0.936430	1220
2038.949772	0.981916	1221
2039.998712	1.017121	1222
2041.007081	0.980277	1223
2042.048838	0.958129	1224
2043.065928	0.945893	1225
2044.098599	1.008422	1226
2045.126979	0.982642	1227
2046.147638	0.959571	1228
2047.187721	0.979645	1229
2048.199893	0.983794	1230
2049.242233	1.024482	1231
2050.255832	0.924135	1232
2051.294074	0.901192	1233
2052.314694	0.948597	1234
2053.340581	0.997265	1235
2054.378128	0.953513	1236
2055.390655	0.974327	1237
2056.437881	0.955955	1238
2057.440397	1.005024	1239
2058.492649	0.976396	1240
2059.496781	0.914105	1241
2060.545990	0.926944	1242
2061.554234	0.893109	1243
2062.595607	0.954714	1244
2063.614577	0.928206	1245
2064.643963	0.941589	1246
2065.674847	0.936749	1247
2066.695837	0.923963	1248
2067.732401	0.948376	1249
2068.747385	0.961478	1250
2069.788782	0.944996	1251
2070.800693	0.937870	1252
2071.843132	0.933901	1253
2072.854778	0.920264	1254
2073.898380	0.930472	1255
2074.910462	0.912421	1256
2075.953216	0.927222	1257
2076.964651	0.896931	1258
2078.007131	0.938087	1259
2079.020658	0.940031	1260
2080.059306	0.953347	1261
2081.077403	0.933726	1262
2082.111036	0.933734	1263
2083.136019	0.888138	1264
2084.161463	0.948601	1265
2085.196015	0.903380	1266
2086.210501	0.920899	1267
2087.255469	0.885662	1268
2088.261728	0.897037	1269
2089.313807	0.914139	1270
2090.314364	0.897445	1271
2091.365912	0.901652	1272
2092.372579	0.904521	1273
2093.415540	0.892947	1274
2094.432840	0.888622	1275
2095.466388	0.884295	1276
2096.493534	0.894895	1277
2097.513899	0.892045	1278
2098.551696	0.869933	1279
2099.565638	0.888866	1280
2100.610014	0.895943	1281
2101.620805	0.864767	1282
2102.663450	0.892353	1283
2103.677506	0.857231	1284
2104.713982	0.900949	1285
2105.733366	0.877110	1286
2106.766285	0.871107	1287
2107.792870	0.836504	1288
2108.816092	0.909989	1289
2109.850716	0.827579	1290
2110.869219	0.869575	1291
2111.908336	0.882581	1292
2112.921736	0.851730	1293
2113.963816	0.847051	1294
2114.974985	0.870240	1295
2116.019528	0.849835	1296
2117.029024	0.852605	1297
2118.075188	0.841284	1298
2119.084189	0.861399	1299
2120.128178	0.845939	1300
2121.141597	0.824664	1301
2122.179684	0.862947	1302
2123.197723	0.831007	1303
2124.230998	0.855647	1304
2125.255967	0.852437	1305
2126.283387	0.826810	1306
2127.315006	0.886465	1307
2128.333880	0.839303	1308
2129.372062	0.849407	1309
2130.386340	0.828099	1310
2131.427483	0.830735	1311
2132.438600	0.841217	1312
2133.484589	0.855441	1313
2134.494293	0.848525	1314
2135.537218	0.794587	1315
2136.554098	0.780770	1316
2137.585025	0.810861	1317
2138.610919	0.869916	1318
2139.632550	0.808223	1319
2140.674081	0.878736	1320
2141.686403	0.758160	1321
2142.732538	0.863196	1322
2143.735215	0.884058	1323
2144.789801	0.781339	1324
2145.790572	0.797871	1325
2146.845583	0.804080	1326
2147.844337	0.813053	1327
2148.895805	0.803068	1328
2149.901732	0.808378	1329
2150.947306	0.811697	1330
