time (s)	coil I (A)	last det (V)	int current (uC)
4185.270501	1.093868	0.037267	491.146942
4185.271422	1.565552	0.037267	1933.020142
4185.272297	1.555162	0.037267	3293.787109
4185.273354	1.510049	0.037267	4889.908691
4185.274229	1.469070	0.037267	6175.344727
4185.275116	1.432039	0.037267	7445.562988
4185.276016	1.394751	0.037267	8700.838867
4185.277028	1.355801	0.037267	10072.909180
4185.277953	1.322029	0.037267	11295.786133
4185.278842	1.290949	0.037267	12443.439453
4185.279832	1.158116	0.037267	13589.974609
4185.280759	0.189752	0.037267	13765.875000
4185.281683	0.098405	0.037267	13856.800781
4185.282546	0.098394	0.037267	13941.714844
4185.283578	0.098551	0.037267	14043.419922
4185.284458	0.098361	0.037267	14129.977539
4185.285326	0.098514	0.037267	14215.488281
4185.286303	0.098441	0.037267	14311.665039
4185.287236	0.098390	0.037267	14403.462891
4185.288145	0.098500	0.037267	14492.999023
4185.289025	0.098525	0.037267	14579.701172
4186.295351	1.156882	0.048986	635.128357
4186.296404	1.570250	0.048986	2288.601807
4186.297311	1.544125	0.048986	3689.123047
4186.298176	1.503831	0.048986	4989.936523
4186.299282	1.456831	0.048986	6601.191895
4186.300278	1.415365	0.048986	8010.895508
4186.301163	1.380223	0.048986	9232.393555
4186.302182	1.342302	0.048986	10600.199219
4186.303232	1.304381	0.048986	11969.799805
4186.304118	1.273195	0.048986	13097.850586
4186.305019	0.693922	0.048986	13723.074219
4186.306134	0.100463	0.048986	13835.089844
4186.307071	0.098419	0.048986	13927.308594
4186.307939	0.098566	0.048986	14012.863281
4186.308964	0.098591	0.048986	14113.918945
4186.309997	0.098430	0.048986	14215.597656
4186.310889	0.098544	0.048986	14303.499023
4186.311834	0.098606	0.048986	14396.681641
4186.312900	0.098485	0.048986	14501.666992
4186.313832	0.098448	0.048986	14593.420898
4186.314698	0.098507	0.048986	14678.728516
4187.330263	1.090997	0.034178	483.311829
4187.331139	1.563182	0.034178	1852.659668
4187.332014	1.557048	0.034178	3215.076904
4187.332947	1.516802	0.034178	4630.252930
4187.333927	1.472457	0.034178	6073.260742
4187.334839	1.433610	0.034178	7380.712891
4187.335722	1.396794	0.034178	8614.082031
4187.336738	1.358141	0.034178	9993.953125
4187.337640	1.324647	0.034178	11188.785156
4187.338563	1.292582	0.034178	12381.837891
4187.339434	1.209734	0.034178	13435.515625
4187.340445	0.238297	0.034178	13676.433594
4187.341360	0.098397	0.034178	13766.466797
4187.342223	0.098456	0.034178	13851.434570
4187.343249	0.098379	0.034178	13952.371094
4187.344126	0.098401	0.034178	14038.668945
4187.345045	0.098566	0.034178	14129.250977
4187.345902	0.098562	0.034178	14213.718750
4187.346859	0.098452	0.034178	14307.937500
4187.347787	0.098511	0.034178	14399.355469
4187.348682	0.098357	0.034178	14487.384766
4188.348109	1.086936	0.048341	481.512634
4188.349197	1.569064	0.048341	2188.653809
4188.350158	1.544960	0.048341	3673.360107
4188.351034	1.505365	0.048341	4992.059570
4188.352079	1.459490	0.048341	6517.226562
4188.353100	1.417145	0.048341	7964.131348
4188.354001	1.381117	0.048341	9208.517578
4188.354960	1.345111	0.048341	10498.478516
4188.356017	1.306604	0.048341	11879.558594
4188.356952	1.274026	0.048341	13070.772461
4188.357822	0.781952	0.048341	13751.070312
4188.358896	0.103162	0.048341	13861.866211
4188.359905	0.098405	0.048341	13961.156250
4188.360780	0.098529	0.048341	14047.369141
4188.361763	0.098566	0.048341	14144.258789
4188.362793	0.098489	0.048341	14245.702148
4188.363699	0.098390	0.048341	14334.843750
4188.364565	0.098463	0.048341	14420.113281
4188.365612	0.098547	0.048341	14523.291992
4188.366614	0.098361	0.048341	14621.849609
4188.367507	0.098434	0.048341	14709.750977
4189.388833	1.161508	0.032679	594.691895
4189.389839	1.570730	0.032679	2174.846191
4189.390728	1.548333	0.032679	3551.313965
4189.391723	1.504471	0.032679	5048.263184
4189.392777	1.457827	0.032679	6584.812988
4189.393679	1.419891	0.032679	7865.554687
4189.394541	1.383776	0.032679	9058.369141
4189.395647	1.343544	0.032679	10544.328125
4189.396616	1.308127	0.032679	11811.903320
4189.397492	1.277794	0.032679	12931.250977
4189.398487	0.743943	0.032679	13671.474609
4189.399563	0.102242	0.032679	13781.487305
4189.400435	0.098372	0.032679	13867.267578
4189.401316	0.098562	0.032679	13954.100586
4189.402403	0.098591	0.032679	14061.269531
4189.403367	0.098481	0.032679	14156.206055
4189.404232	0.098434	0.032679	14241.351562
4189.405247	0.098478	0.032679	14341.306641
4189.406286	0.098452	0.032679	14443.598633
4189.407178	0.098470	0.032679	14531.434570
4189.408097	0.098551	0.032679	14622.002930
4190.400704	1.069819	0.049836	455.743042
4190.401685	1.563413	0.049836	1989.451172
4190.402752	1.546014	0.049836	3639.048584
4190.403657	1.504907	0.049836	5000.989258
4190.404525	1.464708	0.049836	6272.355957
4190.405625	1.420704	0.049836	7835.130859
4190.406588	1.382307	0.049836	9166.292969
4190.407454	1.349037	0.049836	10334.558594
4190.408498	1.311251	0.049836	11703.504883
4190.409545	1.275092	0.049836	13038.525391
4190.410434	0.788983	0.049836	13739.931641
4190.411373	0.111156	0.049836	13844.306641
4190.412429	0.098522	0.049836	13948.345703
4190.413361	0.098463	0.049836	14040.113281
4190.414220	0.098551	0.049836	14124.768555
4190.415254	0.098573	0.049836	14226.693359
4190.416285	0.098419	0.049836	14328.163086
4190.417167	0.098485	0.049836	14415.027344
4190.418124	0.098558	0.049836	14509.347656
4190.419178	0.098452	0.049836	14613.116211
4190.420105	0.098492	0.049836	14704.418945
4191.448389	1.195931	0.029436	667.329712
4191.449434	1.570562	0.029436	2308.566406
4191.450322	1.544744	0.029436	3680.298828
4191.451267	1.502655	0.029436	5100.307617
4191.452332	1.455813	0.029436	6650.748535
4191.453280	1.416507	0.029436	7993.597656
4191.454143	1.381307	0.029436	9185.666016
4191.455212	1.341647	0.029436	10619.886719
4191.456229	1.304828	0.029436	11946.896484
4191.457107	1.274150	0.029436	13065.600586
4191.458086	0.670602	0.029436	13722.120117
4191.459139	0.100532	0.029436	13827.980469
4191.460059	0.098416	0.029436	13918.522461
4191.460925	0.098602	0.029436	14003.912109
4191.461999	0.098621	0.029436	14109.831055
4191.462989	0.098588	0.029436	14207.432617
4191.463885	0.098408	0.029436	14295.606445
4191.464864	0.098529	0.029436	14392.066406
4191.465918	0.098485	0.029436	14495.870117
4191.466823	0.098503	0.029436	14585.015625
4191.467682	0.098448	0.029436	14669.583008
4192.455200	1.158581	0.051504	594.352295
4192.456200	1.570239	0.051504	2164.591553
4192.457100	1.547695	0.051504	3557.517334
4192.458095	1.503831	0.051504	5053.828613
4192.459136	1.457754	0.051504	6571.350586
4192.460043	1.419825	0.051504	7859.132324
4192.460907	1.383984	0.051504	9054.894531
4192.461988	1.344082	0.051504	10507.847656
4192.462987	1.307820	0.051504	11814.359375
4192.463877	1.277190	0.051504	12951.058594
4192.464904	0.708311	0.051504	13678.493164
4192.465952	0.101631	0.051504	13785.001953
4192.466831	0.098503	0.051504	13871.586914
4192.467715	0.098474	0.051504	13958.637695
4192.468825	0.098540	0.051504	14068.017578
4192.469773	0.098562	0.051504	14161.454102
4192.470641	0.098507	0.051504	14246.958008
4192.471667	0.098613	0.051504	14348.134766
4192.472702	0.098470	0.051504	14450.051758
4192.473596	0.098599	0.051504	14538.199219
4192.474551	0.098588	0.051504	14632.350586
4193.506761	1.073617	0.030665	461.655304
4193.507685	1.561410	0.030665	1904.397949
4193.508759	1.547369	0.030665	3566.272461
4193.509707	1.505226	0.030665	4993.226562
4193.510568	1.466027	0.030665	6255.475586
4193.511594	1.423147	0.030665	7715.624512
4193.512624	1.382011	0.030665	9139.095703
4193.513523	1.347916	0.030665	10350.872070
4193.514475	1.313459	0.030665	11601.285156
4193.515540	1.276370	0.030665	12960.619141
4193.516480	0.787786	0.030665	13701.137695
4193.517345	0.110669	0.030665	13796.866211
4193.518418	0.098492	0.030665	13902.548828
4193.519420	0.098467	0.030665	14001.212891
4193.520312	0.098470	0.030665	14089.048828
4193.521277	0.098489	0.030665	14184.090820
4193.522326	0.098448	0.030665	14287.363281
4193.523240	0.098408	0.030665	14377.308594
4193.524103	0.098456	0.030665	14462.276367
4193.525184	0.098416	0.030665	14568.663086
4193.526168	0.098254	0.030665	14665.345703
4194.508323	1.155912	0.056515	594.138733
4194.509335	1.569650	0.056515	2182.624023
4194.510211	1.547717	0.056515	3538.424316
4194.511203	1.503702	0.056515	5030.097168
4194.512268	1.456882	0.056515	6581.676758
4194.513181	1.418697	0.056515	7876.947266
4194.514051	1.382472	0.056515	9079.698242
4194.515159	1.341863	0.056515	10566.482422
4194.516135	1.306974	0.056515	11842.088867
4194.517003	1.276729	0.056515	12950.289062
4194.518061	0.661860	0.056515	13650.537109
4194.519109	0.100287	0.056515	13755.637695
4194.520002	0.098427	0.056515	13843.532227
4194.520925	0.098525	0.056515	13934.470703
4194.521989	0.098412	0.056515	14039.180664
4194.522948	0.098397	0.056515	14133.543945
4194.523816	0.098350	0.056515	14218.911133
4194.524865	0.098470	0.056515	14322.207031
4194.525889	0.098350	0.056515	14422.916992
4194.526777	0.098416	0.056515	14510.309570
4194.527735	0.098427	0.056515	14604.602539
4195.564617	1.203486	0.030093	676.359314
4195.565660	1.570283	0.030093	2314.164551
4195.566549	1.544348	0.030093	3687.090088
4195.567472	1.502838	0.030093	5074.209961
4195.568544	1.456029	0.030093	6635.073242
4195.569486	1.417064	0.030093	7969.947754
4195.570349	1.382106	0.030093	9162.705078
4195.571386	1.343492	0.030093	10555.906250
4195.572411	1.306293	0.030093	11894.856445
4195.573292	1.275634	0.030093	13018.689453
4195.574237	0.750820	0.030093	13728.214844
4195.575278	0.102612	0.030093	13835.034180
4195.576213	0.098357	0.030093	13926.998047
4195.577078	0.098434	0.030093	14012.143555
4195.578129	0.098412	0.030093	14115.574219
4195.579149	0.098313	0.030093	14215.853516
4195.580043	0.098434	0.030093	14303.853516
4195.581009	0.098342	0.030093	14398.852539
4195.582067	0.098423	0.030093	14502.984375
4195.582993	0.098324	0.030093	14594.032227
4195.583857	0.098342	0.030093	14679.000000
4196.564765	1.154128	0.054859	589.759644
4196.565768	1.569708	0.054859	2164.177002
4196.566663	1.547520	0.054859	3549.207031
4196.567645	1.503955	0.054859	5026.090820
4196.568708	1.457058	0.054859	6574.943359
4196.569623	1.419034	0.054859	7873.359863
4196.570490	1.382585	0.054859	9072.061523
4196.571598	1.342057	0.054859	10559.060547
4196.572584	1.306780	0.054859	11847.545898
4196.573454	1.276487	0.054859	12958.089844
4196.574558	0.603062	0.054859	13623.870117
4196.575587	0.099760	0.054859	13726.522461
4196.576479	0.098386	0.054859	13814.283203
4196.577407	0.098383	0.054859	13905.582031
4196.578470	0.098522	0.054859	14010.310547
4196.579414	0.098313	0.054859	14103.118164
4196.580279	0.098320	0.054859	14188.165039
4196.581328	0.098507	0.054859	14291.499023
4196.582338	0.098390	0.054859	14390.873047
4196.583217	0.098361	0.054859	14477.332031
4196.584181	0.098529	0.054859	14572.314453
4197.619641	1.060360	0.031684	445.351227
4197.620555	1.560253	0.031684	1871.422119
4197.621645	1.547014	0.031684	3557.667480
4197.622606	1.504556	0.031684	5003.545410
4197.623479	1.465404	0.031684	6282.843262
4197.624534	1.421682	0.031684	7782.717773
4197.625566	1.380267	0.031684	9207.153320
4197.626466	1.346063	0.031684	10418.610352
4197.627440	1.311464	0.031684	11695.975586
4197.628492	1.274615	0.031684	13036.871094
4197.629432	0.716444	0.031684	13710.328125
4197.630296	0.106736	0.031684	13802.547852
4197.631372	0.098547	0.031684	13908.584961
4197.632356	0.098339	0.031684	14005.350586
4197.633235	0.098514	0.031684	14091.944336
4197.634222	0.098646	0.031684	14189.308594
4197.635257	0.098445	0.031684	14291.199219
4197.636165	0.098375	0.031684	14380.524414
4197.637022	0.098467	0.031684	14464.910156
4197.638113	0.098525	0.031684	14572.401367
4197.639101	0.098500	0.031684	14669.718750
4198.621973	1.138173	0.053252	570.224487
4198.622860	1.566603	0.053252	1959.801147
4198.623748	1.551661	0.053252	3337.676270
4198.624842	1.504783	0.053252	4983.908691
4198.625801	1.462295	0.053252	6386.249512
4198.626665	1.426025	0.053252	7618.335449
4198.627711	1.384288	0.053252	9066.300781
4198.628741	1.345316	0.053252	10451.976562
4198.629631	1.312599	0.053252	11620.189453
4198.630582	1.279556	0.053252	12837.046875
4198.631649	0.752018	0.053252	13639.450195
4198.632588	0.105278	0.053252	13738.306641
4198.633446	0.098364	0.053252	13822.703125
4198.634475	0.098463	0.053252	13924.021484
4198.635501	0.098423	0.053252	14025.002930
4198.636388	0.098529	0.053252	14112.398437
4198.637350	0.098434	0.053252	14207.091797
4198.638389	0.098386	0.053252	14309.315430
4198.639319	0.098427	0.053252	14400.852539
4198.640180	0.098379	0.053252	14485.556641
4198.641241	0.098544	0.053252	14590.111328
4199.674814	1.074965	0.033336	454.709991
4199.675801	1.566090	0.033336	2000.440796
4199.676733	1.551086	0.033336	3446.053223
4199.677599	1.511924	0.033336	4755.379395
4199.678636	1.466810	0.033336	6276.461426
4199.679515	1.428915	0.033336	7532.477539
4199.680430	1.392129	0.033336	8806.275391
4199.681316	1.357870	0.033336	10009.347656
4199.682276	1.322109	0.033336	11278.572266
4199.683201	1.289773	0.033336	12471.612305
4199.684086	1.231340	0.033336	13561.348633
4199.685101	0.235360	0.033336	13800.239258
4199.685998	0.098416	0.033336	13888.517578
4199.686920	0.098353	0.033336	13979.199219
4199.687796	0.098368	0.033336	14065.369141
4199.688779	0.098364	0.033336	14162.061523
4199.689697	0.098328	0.033336	14252.326172
4199.690573	0.098441	0.033336	14338.560547
4199.691528	0.098335	0.033336	14432.470703
4199.692470	0.098364	0.033336	14525.129883
4199.693380	0.098368	0.033336	14614.644531
4200.678632	1.117906	0.052478	523.180237
4200.679518	1.564343	0.052478	1909.188477
4200.680504	1.551021	0.052478	3438.494629
4200.681552	1.504241	0.052478	5014.938965
4200.682476	1.462969	0.052478	6366.722168
4200.683341	1.425886	0.052478	7600.113770
4200.684423	1.383669	0.052478	9097.244141
4200.685421	1.345514	0.052478	10440.067383
4200.686300	1.313544	0.052478	11594.671875
4200.687296	1.279321	0.052478	12868.875977
4200.688358	0.747979	0.052478	13663.229492
4200.689240	0.106549	0.052478	13757.206055
4200.690110	0.098390	0.052478	13842.805664
4200.691214	0.098500	0.052478	13951.549805
4200.692191	0.098470	0.052478	14047.755859
4200.693056	0.098467	0.052478	14132.929687
4200.694109	0.098577	0.052478	14236.730469
4200.695150	0.098503	0.052478	14339.272461
4200.696039	0.098500	0.052478	14426.838867
4200.696956	0.098628	0.052478	14517.280273
4200.698039	0.098452	0.052478	14623.904297
4201.729732	1.067897	0.033610	458.127686
4201.730593	1.560868	0.033610	1802.034912
4201.731648	1.551218	0.033610	3438.570312
4201.732534	1.511499	0.033610	4777.758301
4201.733408	1.471864	0.033610	6064.167480
4201.734274	1.433774	0.033610	7305.816406
4201.735325	1.393129	0.033610	8769.994141
4201.736202	1.358434	0.033610	9961.340820
4201.737090	1.326031	0.033610	11138.856445
4201.738082	1.291329	0.033610	12419.855469
4201.739017	1.194712	0.033610	13536.911133
4201.739949	0.232328	0.033610	13753.440430
4201.740815	0.098419	0.033610	13838.671875
4201.741863	0.098346	0.033610	13941.738281
4201.742750	0.098408	0.033610	14029.026367
4201.743626	0.098437	0.033610	14115.257812
4201.744604	0.098547	0.033610	14211.636719
4201.745552	0.098401	0.033610	14304.920898
4201.746475	0.098456	0.033610	14395.795898
4201.747336	0.098459	0.033610	14480.569336
4201.748395	0.098536	0.033610	14584.918945
4202.737226	1.196917	0.048035	672.667114
4202.738281	1.569584	0.048035	2328.578125
4202.739169	1.543356	0.048035	3699.078125
4202.740091	1.502113	0.048035	5084.026367
4202.741169	1.455216	0.048035	6652.749023
4202.742116	1.415783	0.048035	7993.495117
4202.742978	1.381113	0.048035	9184.014648
4202.744026	1.341735	0.048035	10590.152344
4202.745050	1.305000	0.048035	11926.472656
4202.745933	1.274099	0.048035	13051.501953
4202.746900	0.693285	0.048035	13721.908203
4202.747944	0.101118	0.048035	13827.475586
4202.748876	0.098463	0.048035	13919.243164
4202.749743	0.098577	0.048035	14004.708984
4202.750804	0.098544	0.048035	14109.263672
4202.751804	0.098522	0.048035	14207.785156
4202.752694	0.098459	0.048035	14295.414062
4202.753653	0.098492	0.048035	14389.868164
4202.754695	0.098496	0.048035	14492.500977
4202.755612	0.098423	0.048035	14582.754883
4202.756477	0.098500	0.048035	14667.957031
4203.783963	1.150847	0.031632	585.781189
4203.784994	1.569510	0.031632	2203.946533
4203.785878	1.546809	0.031632	3571.325684
4203.786851	1.503435	0.031632	5034.167969
4203.787915	1.456747	0.031632	6584.146484
4203.788829	1.418405	0.031632	7880.568359
4203.789702	1.382417	0.031632	9087.417969
4203.790787	1.342181	0.031632	10543.684570
4203.791788	1.305762	0.031632	11850.751953
4203.792693	1.274978	0.031632	13004.607422
4203.793687	0.679680	0.031632	13680.209961
4203.794746	0.100697	0.031632	13786.847656
4203.795648	0.098507	0.031632	13875.701172
4203.796509	0.098459	0.031632	13960.474609
4203.797621	0.098566	0.031632	14070.080078
4203.798592	0.098445	0.031632	14165.669922
4203.799463	0.098558	0.031632	14251.514648
4203.800499	0.098760	0.031632	14353.830078
4203.801537	0.098492	0.031632	14456.065430
4203.802436	0.098489	0.031632	14544.606445
4203.803365	0.098467	0.031632	14636.082031
4204.794651	1.146683	0.045308	587.101868
4204.795536	1.567053	0.045308	1973.943848
4204.796417	1.550533	0.045308	3339.963867
4204.797523	1.503395	0.045308	5002.718262
4204.798497	1.460867	0.045308	6425.602539
4204.799368	1.424308	0.045308	7666.174805
4204.800379	1.383838	0.045308	9065.235352
4204.801424	1.344459	0.045308	10470.195312
4204.802321	1.311570	0.045308	11646.673828
4204.803257	1.279116	0.045308	12843.926758
4204.804337	0.723508	0.045308	13625.315430
4204.805280	0.103696	0.045308	13723.100586
4204.806140	0.098430	0.045308	13807.750977
4204.807194	0.098573	0.045308	13911.646484
4204.808206	0.098375	0.045308	14011.202148
4204.809101	0.098481	0.045308	14099.342773
4204.810055	0.098591	0.045308	14193.398437
4204.811099	0.098507	0.045308	14296.240234
4204.812020	0.098518	0.045308	14386.975586
4204.812882	0.098496	0.045308	14471.878906
4204.813946	0.098646	0.045308	14576.838867
4205.837094	1.157032	0.029271	594.714722
4205.838109	1.569459	0.029271	2187.715820
4205.839006	1.546553	0.029271	3574.973633
4205.839974	1.504098	0.029271	5030.940430
4205.841026	1.457413	0.029271	6564.139160
4205.841945	1.419111	0.029271	7868.302246
4205.842810	1.383479	0.029271	9065.011719
4205.843887	1.343536	0.029271	10512.000000
4205.844886	1.307245	0.029271	11817.937500
4205.845765	1.276857	0.029271	12940.294922
4205.846776	0.732872	0.029271	13681.228516
4205.847826	0.102330	0.029271	13788.675781
4205.848723	0.098452	0.029271	13876.987305
4205.849581	0.098445	0.029271	13961.453125
4205.850676	0.098591	0.029271	14069.410156
4205.851643	0.098467	0.029271	14164.627930
4205.852528	0.098580	0.029271	14251.871094
4205.853529	0.098533	0.029271	14350.501953
4205.854576	0.098514	0.029271	14453.646484
4205.855467	0.098496	0.029271	14541.406250
4205.856338	0.098445	0.029271	14627.151367
4206.852812	1.085248	0.043346	478.594269
4206.853680	1.561307	0.043346	1833.808960
4206.854722	1.549882	0.043346	3448.785645
4206.855615	1.510250	0.043346	4797.438965
4206.856498	1.470908	0.043346	6096.250977
4206.857487	1.430273	0.043346	7510.791504
4206.858433	1.391140	0.043346	8826.810547
4206.859354	1.355951	0.043346	10075.641602
4206.860213	1.323556	0.043346	11212.576172
4206.861232	1.288012	0.043346	12525.059570
4206.862136	1.174918	0.043346	13587.185547
4206.863020	0.222023	0.043346	13783.454102
4206.863955	0.098353	0.043346	13875.414062
4206.864927	0.098357	0.043346	13971.016602
4206.865843	0.098368	0.043346	14061.122070
4206.866718	0.098437	0.043346	14147.254883
4206.867818	0.098430	0.043346	14255.528320
4206.868712	0.098331	0.043346	14343.436523
4206.869588	0.098474	0.043346	14429.700195
4206.870476	0.098423	0.043346	14517.099609
4206.871518	0.098331	0.043346	14619.560547
4207.891410	1.100837	0.028695	490.973511
4207.892285	1.563058	0.028695	1858.649170
4207.893305	1.550563	0.028695	3440.223145
4207.894361	1.504647	0.028695	5029.130371
4207.895248	1.464119	0.028695	6327.803711
4207.896119	1.425637	0.028695	7569.533691
4207.897245	1.382769	0.028695	9126.531250
4207.898210	1.346312	0.028695	10425.722656
4207.899076	1.314049	0.028695	11563.689453
4207.900114	1.277897	0.028695	12890.146484
4207.901154	0.733114	0.028695	13652.584961
4207.902046	0.106121	0.028695	13747.244141
4207.902987	0.098427	0.028695	13839.863281
4207.904046	0.098401	0.028695	13944.069336
4207.904985	0.098346	0.028695	14036.416016
4207.905850	0.098507	0.028695	14121.625000
4207.906908	0.098569	0.028695	14225.911133
4207.907921	0.098441	0.028695	14325.631836
4207.908815	0.098492	0.028695	14413.683594
4207.909777	0.098525	0.028695	14508.464844
4207.910824	0.098525	0.028695	14611.621094
4208.909750	1.078689	0.041739	453.049377
4208.910870	1.568053	0.041739	2209.268799
4208.911750	1.546304	0.041739	3570.016113
4208.912633	1.507716	0.041739	4901.329102
4208.913654	1.462485	0.041739	6394.526367
4208.914650	1.420539	0.041739	7809.383789
4208.915550	1.384757	0.041739	9055.665039
4208.916415	1.350289	0.041739	10223.665039
4208.917522	1.311947	0.041739	11675.990234
4208.918432	1.279603	0.041739	12840.429687
4208.919317	0.982540	0.041739	13709.977539
4208.920344	0.125603	0.041739	13838.971680
4208.921328	0.098368	0.041739	13935.765625
4208.922229	0.098558	0.041739	14024.566406
4208.923087	0.098346	0.041739	14108.947266
4208.924168	0.098478	0.041739	14215.401367
4208.925064	0.098386	0.041739	14303.555664
4208.925933	0.098445	0.041739	14389.104492
4208.926906	0.098485	0.041739	14484.930664
4208.927906	0.098383	0.041739	14583.313477
4208.928803	0.098448	0.041739	14671.622070
4209.946648	1.149258	0.026576	578.076721
4209.947661	1.569218	0.026576	2167.694092
4209.948554	1.546919	0.026576	3549.092773
4209.949517	1.504471	0.026576	4997.898926
4209.950572	1.457761	0.026576	6535.836914
4209.951503	1.418998	0.026576	7856.923828
4209.952379	1.382981	0.026576	9068.415039
4209.953443	1.343313	0.026576	10497.700195
4209.954452	1.307025	0.026576	11816.488281
4209.955349	1.276165	0.026576	12961.208008
4209.956332	0.734751	0.026576	13683.467773
4209.957388	0.101774	0.026576	13790.940430
4209.958298	0.098405	0.026576	13880.488281
4209.959161	0.098533	0.026576	13965.522461
4209.960244	0.098599	0.026576	14072.304687
4209.961234	0.098419	0.026576	14169.739258
4209.962118	0.098503	0.026576	14256.816406
4209.963107	0.098573	0.026576	14354.304687
4209.964158	0.098437	0.026576	14457.762695
4209.965040	0.098522	0.026576	14544.659180
4209.965907	0.098544	0.026576	14630.096680
4210.967779	1.106367	0.040857	496.758881
4210.968664	1.562974	0.040857	1879.990601
4210.969538	1.554943	0.040857	3239.010498
4210.970546	1.511558	0.040857	4762.660645
4210.971461	1.469586	0.040857	6107.332031
4210.972385	1.431079	0.040857	7429.649414
4210.973264	1.394835	0.040857	8655.708984
4210.974302	1.355618	0.040857	10062.839844
4210.975203	1.322483	0.040857	11254.396484
4210.976087	1.291230	0.040857	12395.843750
4210.977068	1.167286	0.040857	13540.951172
4210.978033	0.198940	0.040857	13732.928711
4210.978963	0.098262	0.040857	13824.312500
4210.979828	0.098529	0.040857	13909.540039
4210.980861	0.098364	0.040857	14011.150391
4210.981737	0.098243	0.040857	14097.211914
4210.982604	0.098423	0.040857	14182.544922
4210.983558	0.098500	0.040857	14276.513672
4210.984533	0.098500	0.040857	14372.550781
4210.985441	0.098470	0.040857	14461.961914
4210.986317	0.098386	0.040857	14548.148437
4212.000280	1.153374	0.026729	585.914001
4212.001219	1.568181	0.026729	2058.436035
4212.002087	1.550497	0.026729	3404.267090
4212.003143	1.503885	0.026729	4992.370117
4212.004173	1.458344	0.026729	6494.463867
4212.005073	1.421290	0.026729	7773.625000
4212.006042	1.382981	0.026729	9113.733398
4212.007087	1.342862	0.026729	10517.024414
4212.008021	1.309047	0.026729	11739.673828
4212.008890	1.277908	0.026729	12850.175781
4212.009974	0.716558	0.026729	13626.923828
4212.010959	0.101927	0.026729	13727.322266
4212.011854	0.098346	0.026729	13815.341797
4212.012847	0.098514	0.026729	13913.166992
4212.013885	0.098496	0.026729	14015.406250
4212.014781	0.098470	0.026729	14103.635742
4212.015638	0.098569	0.026729	14188.109375
4212.016747	0.098558	0.026729	14297.410156
4212.017714	0.098416	0.026729	14392.578125
4212.018573	0.098412	0.026729	14477.114258
4212.019675	0.098463	0.026729	14585.621094
4213.024966	1.076371	0.039914	462.839447
4213.025837	1.560831	0.039914	1822.323486
4213.026700	1.556232	0.039914	3165.351318
4213.027703	1.513663	0.039914	4683.555664
4213.028636	1.472036	0.039914	6056.965332
4213.029520	1.434492	0.039914	7325.056641
4213.030446	1.397347	0.039914	8619.000000
4213.031392	1.360071	0.039914	9905.626953
4213.032324	1.325936	0.039914	11141.399414
4213.033189	1.293655	0.039914	12260.411133
4213.034214	1.225056	0.039914	13516.093750
4213.035119	0.265345	0.039914	13756.231445
4213.036043	0.098394	0.039914	13847.147461
4213.036909	0.098350	0.039914	13932.318359
4213.037910	0.098478	0.039914	14030.894531
4213.038832	0.098470	0.039914	14121.684570
4213.039694	0.098452	0.039914	14206.550781
4213.040725	0.098397	0.039914	14307.998047
4213.041600	0.098379	0.039914	14394.080078
4213.042517	0.098361	0.039914	14484.276367
4213.043381	0.098470	0.039914	14569.354492
4214.056245	1.175182	0.025887	624.021545
4214.057282	1.569481	0.025887	2251.573486
4214.058164	1.545472	0.025887	3614.680176
4214.059129	1.502197	0.025887	5064.300781
4214.060211	1.455421	0.025887	6639.066406
4214.061120	1.416910	0.025887	7927.038086
4214.061992	1.381289	0.025887	9131.522461
4214.063055	1.341738	0.025887	10557.790039
4214.064058	1.305344	0.025887	11867.050781
4214.064953	1.274799	0.025887	13007.995117
4214.065936	0.690985	0.025887	13687.233398
4214.066997	0.101023	0.025887	13794.418945
4214.067909	0.098441	0.025887	13884.197266
4214.068774	0.098533	0.025887	13969.427734
4214.069873	0.098628	0.025887	14077.820312
4214.070851	0.098463	0.025887	14174.117187
4214.071715	0.098511	0.025887	14259.230469
4214.072786	0.098650	0.025887	14364.884766
4214.073821	0.098518	0.025887	14466.850586
4214.074716	0.098470	0.025887	14554.981445
4214.075648	0.098599	0.025887	14646.875000
4215.081170	1.091521	0.040518	482.452301
4215.082032	1.560773	0.040518	1827.838257
4215.083136	1.547120	0.040518	3535.859131
4215.084101	1.504493	0.040518	4987.695312
4215.084965	1.465833	0.040518	6254.174805
4215.086030	1.421927	0.040518	7768.527344
4215.087071	1.380663	0.040518	9205.796875
4215.087951	1.346250	0.040518	10390.497070
4215.088866	1.312427	0.040518	11591.367187
4215.089947	1.275362	0.040518	12970.034180
4215.090898	0.762682	0.040518	13695.344727
4215.091765	0.109083	0.040518	13789.919922
4215.092805	0.098416	0.040518	13892.272461
4215.093822	0.098405	0.040518	13992.349609
4215.094714	0.098503	0.040518	14080.214844
4215.095655	0.098405	0.040518	14172.813477
4215.096702	0.098434	0.040518	14275.874023
4215.097643	0.098470	0.040518	14368.535156
4215.098509	0.098456	0.040518	14453.797852
4215.099571	0.098533	0.040518	14558.439453
4215.100566	0.098353	0.040518	14656.300781
4216.112131	1.102625	0.026383	548.004395
4216.113206	1.567928	0.026383	2233.527344
4216.114149	1.542740	0.026383	3688.331543
4216.115013	1.503651	0.026383	4987.486328
4216.116079	1.457179	0.026383	6540.838867
4216.117085	1.415563	0.026383	7964.895020
4216.117965	1.380198	0.026383	9179.468750
4216.118939	1.344203	0.026383	10488.722656
4216.119990	1.305692	0.026383	11861.004883
4216.120907	1.273722	0.026383	13029.007812
4216.121777	0.785094	0.026383	13712.040039
4216.122826	0.103674	0.026383	13820.793945
4216.123824	0.098357	0.026383	13918.954102
4216.124715	0.098408	0.026383	14006.635742
4216.125693	0.098496	0.026383	14102.964844
4216.126746	0.098295	0.026383	14206.468750
4216.127655	0.098375	0.026383	14295.891602
4216.128519	0.098346	0.026383	14380.862305
4216.129612	0.098518	0.026383	14488.542969
4216.130601	0.098192	0.026383	14585.655273
4216.131494	0.098331	0.026383	14673.464844
4217.137101	1.098135	0.040579	489.768097
4217.137985	1.562523	0.040579	1871.038574
4217.138985	1.550680	0.040579	3421.718506
4217.140038	1.504552	0.040579	5006.011719
4217.140942	1.463650	0.040579	6329.151367
4217.141806	1.426044	0.040579	7561.252930
4217.142911	1.383662	0.040579	9090.199219
4217.143888	1.346342	0.040579	10405.575195
4217.144756	1.314434	0.040579	11546.503906
4217.145827	1.277593	0.040579	12914.805664
4217.146869	0.716946	0.040579	13661.863281
4217.147752	0.105974	0.040579	13755.438477
4217.148679	0.098437	0.040579	13846.690430
4217.149759	0.098474	0.040579	13953.042969
4217.150680	0.098496	0.040579	14043.757812
4217.151549	0.098544	0.040579	14129.392578
4217.152596	0.098441	0.040579	14232.460937
4217.153614	0.098481	0.040579	14332.714844
4217.154512	0.098383	0.040579	14421.062500
4217.155472	0.098511	0.040579	14515.632812
4217.156524	0.098419	0.040579	14619.169922
4218.168010	1.073954	0.026899	467.169922
4218.168875	1.560897	0.026899	1817.346069
4218.169926	1.550171	0.026899	3446.575684
4218.170818	1.509496	0.026899	4793.045898
4218.171746	1.468682	0.026899	6155.982422
4218.172608	1.430515	0.026899	7389.086426
4218.173670	1.389686	0.026899	8864.933594
4218.174554	1.355065	0.026899	10062.810547
4218.175438	1.322805	0.026899	11232.169922
4218.176425	1.288330	0.026899	12503.751953
4218.177360	1.144958	0.026899	13574.288086
4218.178288	0.190913	0.026899	13751.455078
4218.179151	0.098339	0.026899	13836.321289
4218.180196	0.098397	0.026899	13939.146484
4218.181089	0.098437	0.026899	14027.050781
4218.181962	0.098419	0.026899	14112.970703
4218.182930	0.098478	0.026899	14208.296875
4218.183882	0.098317	0.026899	14301.894531
4218.184803	0.098397	0.026899	14392.518555
4218.185664	0.098463	0.026899	14477.294922
4218.186675	0.098353	0.026899	14576.730469
4219.191229	1.067303	0.041888	454.671265
4219.192262	1.564603	0.041888	2070.906494
4219.193315	1.542891	0.041888	3695.570312
4219.194206	1.502582	0.041888	5034.370605
4219.195147	1.461064	0.041888	6409.232422
4219.196221	1.416427	0.041888	7930.475098
4219.197169	1.378861	0.041888	9237.635742
4219.198041	1.345294	0.041888	10410.732422
4219.199090	1.307520	0.041888	11782.320312
4219.200106	1.272623	0.041888	13075.305664
4219.201007	0.725676	0.041888	13729.139648
4219.201978	0.106271	0.041888	13832.328125
4219.203029	0.098456	0.041888	13935.805664
4219.203954	0.098503	0.041888	14026.920898
4219.204815	0.098555	0.041888	14111.776367
4219.205885	0.098511	0.041888	14217.182617
4219.206871	0.098463	0.041888	14314.267578
4219.207754	0.098368	0.041888	14401.125977
4219.208748	0.098683	0.041888	14499.216797
4219.209790	0.098452	0.041888	14601.803711
4219.210690	0.098448	0.041888	14690.407227
4220.224186	1.062744	0.027974	446.352539
4220.225140	1.559956	0.027974	1934.550659
4220.226197	1.546003	0.027974	3568.676270
4220.227130	1.504347	0.027974	4972.231934
4220.228004	1.464770	0.027974	6252.441406
4220.229059	1.421415	0.027974	7752.034180
4220.230064	1.381047	0.027974	9139.986328
4220.230969	1.346960	0.027974	10358.985352
4220.231953	1.311533	0.027974	11649.534180
4220.233015	1.274817	0.027974	13003.389648
4220.233934	0.770292	0.027974	13711.288086
4220.234794	0.109783	0.027974	13805.701172
4220.235885	0.098558	0.027974	13913.228516
4220.236848	0.098397	0.027974	14007.985352
4220.237733	0.098386	0.027974	14095.057617
4220.238746	0.098540	0.027974	14194.878906
4220.239806	0.098536	0.027974	14299.327148
4220.240693	0.098467	0.027974	14386.666992
4220.241566	0.098459	0.027974	14472.622070
4220.242660	0.098478	0.027974	14580.356445
4220.243620	0.098394	0.027974	14674.814453
4221.246475	1.138224	0.040518	554.315002
4221.247360	1.564885	0.040518	1939.238525
4221.248228	1.553053	0.040518	3287.288574
4221.249288	1.507244	0.040518	4884.966797
4221.250239	1.464866	0.040518	6278.054199
4221.251119	1.428051	0.040518	7534.738770
4221.252049	1.390140	0.040518	8827.569336
4221.253126	1.350015	0.040518	10281.535156
4221.254007	1.316858	0.040518	11441.687500
4221.254880	1.286155	0.040518	12564.500977
4221.255903	1.005198	0.040518	13592.818359
4221.256856	0.134575	0.040518	13721.068359
4221.257735	0.098335	0.040518	13807.504883
4221.258645	0.098478	0.040518	13897.120117
4221.259728	0.098485	0.040518	14003.779297
4221.260625	0.098331	0.040518	14091.982422
4221.261486	0.098394	0.040518	14176.699219
4221.262557	0.098474	0.040518	14282.165039
4221.263520	0.098350	0.040518	14376.875977
4221.264399	0.098459	0.040518	14463.421875
4221.265293	0.098558	0.040518	14551.533203
4222.282268	1.153528	0.027394	585.992126
4222.283271	1.569071	0.027394	2159.770508
4222.284166	1.546923	0.027394	3544.266113
4222.285173	1.502322	0.027394	5057.104004
4222.286227	1.456421	0.027394	6592.171875
4222.287129	1.418218	0.027394	7871.404297
4222.287995	1.382102	0.027394	9068.304687
4222.289105	1.341760	0.027394	10557.658203
4222.290071	1.306919	0.027394	11820.141602
4222.290935	1.276846	0.027394	12923.335937
4222.291989	0.692227	0.027394	13652.942383
4222.293029	0.101188	0.027394	13758.177734
4222.293904	0.098452	0.027394	13844.323242
4222.294820	0.098514	0.027394	13934.562500
4222.295889	0.098467	0.027394	14039.823242
4222.296836	0.098478	0.027394	14133.082031
4222.297702	0.098379	0.027394	14218.278320
4222.298733	0.098463	0.027394	14319.793945
4222.299756	0.098478	0.027394	14420.537109
4222.300648	0.098470	0.027394	14508.373047
4222.301595	0.098456	0.027394	14601.610352
4223.299593	1.139846	0.042996	557.384766
4223.300484	1.565123	0.042996	1951.909546
4223.301363	1.552661	0.042996	3316.698730
4223.302298	1.511631	0.042996	4730.073730
4223.303285	1.467572	0.042996	6178.567383
4223.304208	1.429157	0.042996	7497.678711
4223.305088	1.393326	0.042996	8723.805664
4223.306154	1.353391	0.042996	10166.520508
4223.307049	1.319597	0.042996	11347.560547
4223.307929	1.288531	0.042996	12481.467773
4223.308819	1.141827	0.042996	13497.694336
4223.309873	0.170500	0.042996	13677.402344
4223.310756	0.098313	0.042996	13764.212891
4223.311624	0.098463	0.042996	13849.678711
4223.312616	0.098474	0.042996	13947.365234
4223.313531	0.098441	0.042996	14037.438477
4223.314454	0.098507	0.042996	14128.360352
4223.315329	0.098507	0.042996	14214.553711
4223.316363	0.098423	0.042996	14316.323242
4223.317255	0.098427	0.042996	14404.120117
4223.318134	0.098566	0.042996	14490.759766
4224.339459	1.133591	0.027958	557.726929
4224.340340	1.565317	0.027958	1936.771606
4224.341254	1.551101	0.027958	3354.478027
4224.342345	1.503603	0.027958	4994.909180
4224.343296	1.461709	0.027958	6384.994629
4224.344165	1.425114	0.027958	7623.418457
4224.345214	1.383102	0.027958	9074.291992
4224.346241	1.344265	0.027958	10454.852539
4224.347141	1.311614	0.027958	11635.304687
4224.348104	1.278772	0.027958	12866.761719
4224.349174	0.719894	0.027958	13637.047852
4224.350105	0.103923	0.027958	13733.800781
4224.350969	0.098459	0.027958	13818.870117
4224.352038	0.098588	0.027958	13924.260742
4224.353023	0.098339	0.027958	14021.124023
4224.353911	0.098481	0.027958	14108.575195
4224.354913	0.098591	0.027958	14207.363281
4224.355963	0.098430	0.027958	14310.714844
4224.356865	0.098518	0.027958	14399.578125
4224.357723	0.098551	0.027958	14484.134766
4224.358810	0.098536	0.027958	14591.244141
4225.354216	1.103126	0.042383	511.850586
4225.355103	1.563776	0.042383	1898.919556
4225.356049	1.551760	0.042383	3366.884766
4225.356982	1.510221	0.042383	4775.920898
4225.357914	1.468825	0.042383	6144.865234
4225.358798	1.431365	0.042383	7410.191406
4225.359752	1.392264	0.042383	8738.412109
4225.360707	1.356112	0.042383	10033.499023
4225.361610	1.322959	0.042383	11228.130859
4225.362610	1.289030	0.042383	12517.160156
4225.363509	1.192855	0.042383	13589.537109
4225.364429	0.221565	0.042383	13793.376953
4225.365295	0.098412	0.042383	13878.601562
4225.366264	0.098394	0.042383	13973.945312
4225.367189	0.098452	0.042383	14065.013672
4225.368079	0.098544	0.042383	14152.717773
4225.369037	0.098503	0.042383	14247.083984
4225.369975	0.098533	0.042383	14339.507812
4225.370896	0.098401	0.042383	14430.134766
4225.371777	0.098463	0.042383	14516.880859
4225.372719	0.098485	0.042383	14609.654297
4226.397369	1.068607	0.027257	450.952179
4226.398448	1.566226	0.027257	2140.909668
4226.399463	1.542433	0.027257	3706.479004
4226.400344	1.502769	0.027257	5030.417969
4226.401351	1.459420	0.027257	6500.054199
4226.402409	1.415413	0.027257	7997.560547
4226.403313	1.378942	0.027257	9244.124023
4226.404175	1.344587	0.027257	10403.158203
4226.405258	1.306432	0.027257	11818.023437
4226.406230	1.272891	0.027257	13055.273437
4226.407115	0.770907	0.027257	13737.526367
4226.408120	0.107106	0.027257	13845.167969
4226.409162	0.098511	0.027257	13947.816406
4226.410057	0.098456	0.027257	14035.934570
4226.410926	0.098427	0.027257	14121.466797
4226.412025	0.098650	0.027257	14229.882812
4226.412997	0.098463	0.027257	14325.588867
4226.413869	0.098456	0.027257	14411.442383
4226.414919	0.098580	0.027257	14514.952148
4226.415950	0.098503	0.027257	14616.508789
4226.416850	0.098503	0.027257	14705.162109
4227.408654	1.142728	0.042319	577.077759
4227.409602	1.567324	0.042319	2062.901123
4227.410471	1.549966	0.042319	3409.821289
4227.411517	1.503695	0.042319	4982.686523
4227.412546	1.458607	0.042319	6483.593262
4227.413454	1.420928	0.042319	7773.795410
4227.414409	1.383241	0.042319	9094.791016
4227.415474	1.342537	0.042319	10524.592773
4227.416410	1.308442	0.042319	11749.294922
4227.417278	1.277922	0.042319	12858.531250
4227.418339	0.736047	0.042319	13639.477539
4227.419344	0.102231	0.042319	13742.219727
4227.420228	0.098383	0.042319	13829.189453
4227.421218	0.098437	0.042319	13926.642578
4227.422272	0.098434	0.042319	14030.391602
4227.423181	0.098474	0.042319	14119.904297
4227.424039	0.098511	0.042319	14204.426758
4227.425101	0.098529	0.042319	14309.064453
4227.426081	0.098390	0.042319	14405.486328
4227.426956	0.098437	0.042319	14491.619141
4227.427937	0.098518	0.042319	14588.265625
4228.454940	1.152246	0.027620	587.645508
4228.455949	1.568804	0.027620	2170.568359
4228.456829	1.547003	0.027620	3531.931152
4228.457830	1.503087	0.027620	5036.521484
4228.458887	1.456710	0.027620	6576.264160
4228.459779	1.418624	0.027620	7841.676758
4228.460650	1.382080	0.027620	9045.468750
4228.461761	1.341475	0.027620	10535.846680
4228.462749	1.306366	0.027620	11826.536133
4228.463618	1.276209	0.027620	12935.561523
4228.464678	0.660597	0.027620	13635.793945
4228.465718	0.100331	0.027620	13740.137695
4228.466620	0.098394	0.027620	13828.888672
4228.467557	0.098467	0.027620	13921.152344
4228.468613	0.098580	0.027620	14025.252930
4228.469556	0.098386	0.027620	14118.031250
4228.470427	0.098441	0.027620	14203.773437
4228.471477	0.098405	0.027620	14307.098633
4228.472494	0.098298	0.027620	14407.068359
4228.473386	0.098397	0.027620	14494.838867
4228.474327	0.098489	0.027620	14587.516602
4229.463488	1.067007	0.041662	455.611908
4229.464480	1.561846	0.041662	2004.962891
4229.465542	1.544630	0.041662	3645.359863
4229.466419	1.504358	0.041662	4964.681641
4229.467298	1.463577	0.041662	6251.165527
4229.468394	1.419489	0.041662	7806.924805
4229.469363	1.381084	0.041662	9145.195312
4229.470240	1.347631	0.041662	10327.067383
4229.471267	1.310204	0.041662	11672.646484
4229.472310	1.274315	0.041662	13001.757812
4229.473214	0.791539	0.041662	13717.309570
4229.474164	0.110614	0.041662	13822.392578
4229.475226	0.098500	0.041662	13926.999023
4229.476159	0.098412	0.041662	14018.817383
4229.477023	0.098459	0.041662	14103.886719
4229.478086	0.098496	0.041662	14208.587891
4229.479101	0.098306	0.041662	14308.368164
4229.479997	0.098401	0.041662	14396.535156
4229.480958	0.098496	0.041662	14491.189453
4229.481993	0.098500	0.041662	14593.136719
4229.482913	0.098437	0.041662	14683.699219
4230.512848	1.092275	0.027160	479.508881
4230.513727	1.561901	0.027160	1852.419556
4230.514724	1.550936	0.027160	3398.703125
4230.515739	1.505892	0.027160	4927.183594
4230.516624	1.466440	0.027160	6224.983398
4230.517488	1.429036	0.027160	7459.669922
4230.518584	1.386588	0.027160	8979.371094
4230.519499	1.351194	0.027160	10215.712891
4230.520372	1.318868	0.027160	11367.084961
4230.521352	1.284866	0.027160	12626.253906
4230.522371	0.990765	0.027160	13635.843750
4230.523266	0.137845	0.027160	13759.215820
4230.524129	0.098361	0.027160	13844.100586
4230.525206	0.098485	0.027160	13950.168945
4230.526138	0.098427	0.027160	14041.902344
4230.527017	0.098397	0.027160	14128.393555
4230.527987	0.098474	0.027160	14223.913086
4230.528993	0.098372	0.027160	14322.875000
4230.529880	0.098394	0.027160	14410.150391
4230.530741	0.098489	0.027160	14494.949219
4230.531813	0.098511	0.027160	14600.552734
4231.517740	1.171058	0.039785	612.463501
4231.518791	1.568903	0.039785	2261.380127
4231.519686	1.543802	0.039785	3643.083496
4231.520637	1.501729	0.039785	5071.227539
4231.521704	1.454451	0.039785	6623.126465
4231.522652	1.415424	0.039785	7964.948242
4231.523520	1.380048	0.039785	9162.829102
4231.524605	1.339713	0.039785	10616.417969
4231.525612	1.303440	0.039785	11928.982422
4231.526506	1.272788	0.039785	13066.855469
4231.527487	0.647622	0.039785	13702.172852
4231.528519	0.100613	0.039785	13806.004883
4231.529423	0.098372	0.039785	13894.932617
4231.530281	0.098445	0.039785	13979.398437
4231.531361	0.098427	0.039785	14085.699219
4231.532352	0.098416	0.039785	14183.228516
4231.533232	0.098427	0.039785	14269.843750
4231.534233	0.098569	0.039785	14368.511719
4231.535272	0.098405	0.039785	14470.753906
4231.536159	0.098397	0.039785	14558.032227
4231.537028	0.098423	0.039785	14643.561523
4232.569062	1.089430	0.026721	486.975189
4232.569938	1.562589	0.026721	1855.803223
4232.570815	1.554789	0.026721	3219.353027
4232.571728	1.514916	0.026721	4602.471191
4232.572715	1.470579	0.026721	6053.932129
4232.573650	1.431702	0.026721	7392.573242
4232.574518	1.395549	0.026721	8603.910156
4232.575547	1.356808	0.026721	10000.065430
4232.576438	1.323556	0.026721	11179.353516
4232.577360	1.291432	0.026721	12370.053711
4232.578226	1.225082	0.026721	13430.974609
4232.579226	0.264320	0.026721	13695.294922
4232.580142	0.098328	0.026721	13785.363281
4232.581021	0.098423	0.026721	13871.876953
4232.581965	0.098423	0.026721	13964.788086
4232.582903	0.098372	0.026721	14057.060547
4232.583800	0.098430	0.026721	14145.352539
4232.584659	0.098441	0.026721	14229.913086
4232.585701	0.098317	0.026721	14332.359375
4232.586620	0.098397	0.026721	14422.786133
4232.587499	0.098441	0.026721	14509.315430
4233.572564	1.098325	0.039463	485.459717
4233.573436	1.561091	0.039463	1846.731323
4233.574520	1.546362	0.039463	3522.988037
4233.575513	1.502033	0.039463	5014.506348
4233.576413	1.462665	0.039463	6330.904785
4233.577416	1.421400	0.039463	7756.569336
4233.578466	1.379788	0.039463	9205.346680
4233.579364	1.344917	0.039463	10413.082031
4233.580254	1.311559	0.039463	11580.369141
4233.581365	1.274363	0.039463	12996.186523
4233.582331	0.719414	0.039463	13691.140625
4233.583194	0.106549	0.039463	13783.092773
4233.584238	0.098412	0.039463	13885.834961
4233.585255	0.098412	0.039463	13985.919922
4233.586142	0.098408	0.039463	14073.208008
4233.587070	0.098492	0.039463	14164.609375
4233.588106	0.098448	0.039463	14266.601562
4233.589048	0.098405	0.039463	14359.298828
4233.589907	0.098405	0.039463	14443.828125
4233.590954	0.098573	0.039463	14547.034180
4233.591969	0.098346	0.039463	14646.855469
4234.626747	1.083142	0.024196	456.002838
4234.627846	1.566368	0.024196	2177.441895
4234.628818	1.543370	0.024196	3677.597900
4234.629686	1.504365	0.024196	4983.386719
4234.630749	1.458032	0.024196	6533.274902
4234.631792	1.415002	0.024196	8009.122559
4234.632671	1.379180	0.024196	9221.421875
4234.633591	1.343983	0.024196	10457.886719
4234.634678	1.304971	0.024196	11876.389648
4234.635620	1.272539	0.024196	13075.121094
4234.636501	0.752446	0.024196	13738.026367
4234.637545	0.102587	0.024196	13845.126953
4234.638571	0.098452	0.024196	13946.138672
4234.639460	0.098405	0.024196	14033.620117
4234.640428	0.098514	0.024196	14128.982422
4234.641487	0.098441	0.024196	14233.231445
4234.642413	0.098463	0.024196	14324.408203
4234.643275	0.098419	0.024196	14409.245117
4234.644371	0.098536	0.024196	14517.241211
4234.645360	0.098298	0.024196	14614.458008
4234.646248	0.098470	0.024196	14701.899414
4235.627559	1.159600	0.039181	604.151367
4235.628568	1.568778	0.039181	2187.048584
4235.629453	1.546099	0.039181	3555.345703
4235.630447	1.502384	0.039181	5048.715332
4235.631500	1.456047	0.039181	6581.933105
4235.632409	1.417987	0.039181	7870.883301
4235.633273	1.382018	0.039181	9064.946289
4235.634369	1.341866	0.039181	10535.631836
4235.635338	1.306765	0.039181	11801.886719
4235.636211	1.276516	0.039181	12916.285156
4235.637210	0.741511	0.039181	13657.054687
4235.638267	0.102107	0.039181	13764.981445
4235.639153	0.098437	0.039181	13852.197266
4235.640036	0.098445	0.039181	13939.124023
4235.641133	0.098577	0.039181	14047.262695
4235.642088	0.098390	0.039181	14141.224609
4235.642953	0.098408	0.039181	14226.347656
4235.643967	0.098430	0.039181	14326.156250
4235.644999	0.098437	0.039181	14427.744141
4235.645896	0.098562	0.039181	14516.154297
4235.646796	0.098437	0.039181	14604.748047
4236.682679	1.059950	0.023704	447.298889
4236.683654	1.561135	0.023704	1969.405762
4236.684721	1.544777	0.023704	3617.682373
4236.685635	1.503311	0.023704	4991.708008
4236.686501	1.463430	0.023704	6259.038574
4236.687602	1.419379	0.023704	7821.774414
4236.688567	1.380388	0.023704	9153.848633
4236.689447	1.347239	0.023704	10339.418945
4236.690466	1.310889	0.023704	11675.214844
4236.691513	1.274832	0.023704	13009.963867
4236.692398	0.804598	0.023704	13722.033203
4236.693278	0.112559	0.023704	13821.084961
4236.694365	0.098364	0.023704	13928.006836
4236.695311	0.098383	0.023704	14021.077148
4236.696170	0.098335	0.023704	14105.546875
4236.697191	0.098456	0.023704	14206.070312
4236.698231	0.098375	0.023704	14308.380859
4236.699120	0.098412	0.023704	14395.869141
4236.700040	0.098474	0.023704	14486.464844
4236.701113	0.098390	0.023704	14592.037109
4236.702062	0.098364	0.023704	14685.384766
4237.683383	1.060247	0.039511	446.363800
4237.684330	1.559037	0.039511	1922.771606
4237.685297	1.549519	0.039511	3421.156494
4237.686222	1.508965	0.039511	4816.949219
4237.687091	1.469553	0.039511	6093.990723
4237.688133	1.427025	0.039511	7580.951172
4237.689020	1.390708	0.039511	8814.509766
4237.689895	1.356892	0.039511	10001.790039
4237.690819	1.322194	0.039511	11223.497070
4237.691824	1.287308	0.039511	12517.242187
4237.692759	1.148573	0.039511	13591.158203
4237.693645	0.203826	0.039511	13771.748047
4237.694659	0.098284	0.039511	13871.408203
4237.695566	0.098350	0.039511	13960.611328
4237.696487	0.098405	0.039511	14051.242187
4237.697348	0.098485	0.039511	14136.038086
4237.698387	0.098470	0.039511	14238.348633
4237.699267	0.098357	0.039511	14324.902344
4237.700144	0.098357	0.039511	14411.161133
4237.701136	0.098412	0.039511	14508.786133
4237.702060	0.098346	0.039511	14599.658203
4238.738378	1.079366	0.022210	471.683136
4238.739250	1.561245	0.022210	1833.088867
4238.740271	1.550087	0.022210	3415.727295
4238.741309	1.504633	0.022210	4977.536133
4238.742206	1.464115	0.022210	6290.847168
4238.743101	1.425729	0.022210	7566.874512
4238.744193	1.383219	0.022210	9077.349609
4238.745139	1.347133	0.022210	10351.737305
4238.746003	1.315334	0.022210	11488.186523
4238.747044	1.279578	0.022210	12820.226562
4238.748085	0.807506	0.022210	13660.840820
4238.748967	0.111500	0.022210	13759.183594
4238.749890	0.098386	0.022210	13849.994141
4238.750966	0.098452	0.022210	13955.928711
4238.751885	0.098375	0.022210	14046.335937
4238.752753	0.098320	0.022210	14131.677734
4238.753790	0.098368	0.022210	14233.685547
4238.754806	0.098295	0.022210	14333.552734
4238.755696	0.098401	0.022210	14421.129883
4238.756653	0.098324	0.022210	14515.225586
4238.757704	0.098328	0.022210	14618.568359
4239.739845	1.072170	0.039439	459.961090
4239.740822	1.560432	0.039439	1984.503296
4239.741788	1.548263	0.039439	3480.125488
4239.742725	1.506954	0.039439	4892.141602
4239.743597	1.467528	0.039439	6171.826172
4239.744629	1.425267	0.039439	7642.702148
4239.745509	1.388793	0.039439	8864.839844
4239.746390	1.355127	0.039439	10058.707031
4239.747335	1.320582	0.039439	11306.657227
4239.748318	1.286162	0.039439	12570.955078
4239.749231	1.145720	0.039439	13616.998047
4239.750120	0.192825	0.039439	13788.418945
4239.751159	0.098254	0.039439	13890.504883
4239.752057	0.098397	0.039439	13978.865234
4239.752932	0.098474	0.039439	14065.030273
4239.753795	0.098551	0.039439	14150.080078
4239.754833	0.098361	0.039439	14252.178711
4239.755712	0.098427	0.039439	14338.695312
4239.756580	0.098474	0.039439	14424.170898
4239.757572	0.098481	0.039439	14521.864258
4239.758498	0.098456	0.039439	14613.034180
4240.791070	1.143252	0.022129	595.634277
4240.791953	1.566504	0.022129	1978.857178
4240.792813	1.550431	0.022129	3312.227783
4240.793927	1.503175	0.022129	4986.764648
4240.794888	1.460984	0.022129	6390.770020
4240.795751	1.424780	0.022129	7620.355469
4240.796801	1.383094	0.022129	9072.604492
4240.797835	1.343851	0.022129	10462.146484
4240.798723	1.311464	0.022129	11626.726562
4240.799663	1.278922	0.022129	12828.913086
4240.800737	0.740193	0.022129	13623.879883
4240.801675	0.104890	0.022129	13722.266602
4240.802534	0.098335	0.022129	13806.736328
4240.803569	0.098474	0.022129	13908.657227
4240.804593	0.098386	0.022129	14009.404297
4240.805479	0.098419	0.022129	14096.603516
4240.806421	0.098379	0.022129	14189.276367
4240.807463	0.098353	0.022129	14291.760742
4240.808392	0.098408	0.022129	14383.181641
4240.809263	0.098412	0.022129	14468.898437
4240.810319	0.098320	0.022129	14572.724609
4241.797425	1.148035	0.039124	621.086792
4241.798345	1.567093	0.039124	2062.812744
4241.799275	1.547622	0.039124	3502.101318
4241.800138	1.507687	0.039124	4803.235352
4241.801177	1.462313	0.039124	6322.579102
4241.802081	1.424381	0.039124	7610.219727
4241.803003	1.387987	0.039124	8889.943359
4241.803885	1.353626	0.039124	10083.840820
4241.804880	1.318143	0.039124	11395.393555
4241.805815	1.285272	0.039124	12597.123047
4241.806693	1.153458	0.039124	13609.859375
4241.807753	0.148649	0.039124	13767.426758
4241.808644	0.098350	0.039124	13855.056641
4241.809558	0.098397	0.039124	13944.992187
4241.810423	0.098430	0.039124	14030.134766
4241.811408	0.098416	0.039124	14127.074219
4241.812312	0.098364	0.039124	14215.995117
4241.813205	0.098485	0.039124	14303.942383
4241.814181	0.098408	0.039124	14399.989258
4241.815099	0.098390	0.039124	14490.311523
4241.816026	0.098456	0.039124	14581.580078
4242.844414	1.135884	0.022568	546.360107
4242.845293	1.564171	0.022568	1921.266479
4242.846272	1.549592	0.022568	3438.317383
4242.847336	1.502443	0.022568	5036.916016
4242.848247	1.461262	0.022568	6368.125977
4242.849121	1.424117	0.022568	7612.804687
4242.850178	1.382380	0.022568	9073.980469
4242.851180	1.344283	0.022568	10420.952148
4242.852078	1.312152	0.022568	11599.264648
4242.853055	1.278538	0.022568	12848.395508
4242.854119	0.737882	0.022568	13633.501953
4242.855023	0.105183	0.022568	13728.587891
4242.855885	0.098397	0.022568	13813.406250
4242.856984	0.098577	0.022568	13921.742187
4242.857965	0.098372	0.022568	14018.245117
4242.858832	0.098379	0.022568	14103.540039
4242.859948	0.098350	0.022568	14213.297852
4242.860972	0.098342	0.022568	14314.000000
4242.861867	0.098309	0.022568	14401.987305
4242.862793	0.098430	0.022568	14493.133789
4242.863854	0.098361	0.022568	14597.494141
4243.855797	1.079978	0.037642	453.590759
4243.856891	1.566563	0.037642	2167.410156
4243.857868	1.542920	0.037642	3674.842773
4243.858742	1.503688	0.037642	4989.065918
4243.859802	1.456945	0.037642	6533.427246
4243.860845	1.414157	0.037642	8008.392578
4243.861738	1.378370	0.037642	9239.277344
4243.862667	1.343229	0.037642	10487.136719
4243.863748	1.304279	0.037642	11897.061523
4243.864695	1.271730	0.037642	13101.389648
4243.865571	0.731140	0.037642	13741.868164
4243.866638	0.101473	0.037642	13850.140625
4243.867645	0.098394	0.037642	13949.222656
4243.868538	0.098412	0.037642	14037.104492
4243.869494	0.098500	0.037642	14131.270508
4243.870548	0.098357	0.037642	14234.938477
4243.871483	0.098452	0.037642	14326.991211
4243.872345	0.098397	0.037642	14411.809570
4243.873415	0.098529	0.037642	14517.235352
4243.874407	0.098313	0.037642	14614.761719
4243.875288	0.098379	0.037642	14701.433594
4244.897732	1.088815	0.023603	471.456787
4244.898621	1.561897	0.023603	1859.983276
4244.899621	1.549955	0.023603	3409.937988
4244.900672	1.503981	0.023603	4990.621582
4244.901567	1.463679	0.023603	6300.614258
4244.902463	1.425011	0.023603	7577.423828
4244.903568	1.382051	0.023603	9104.589844
4244.904530	1.345726	0.023603	10399.178711
4244.905402	1.313555	0.023603	11544.598633
4244.906459	1.277380	0.023603	12894.790039
4244.907484	0.746063	0.023603	13659.504883
4244.908378	0.106414	0.023603	13754.638672
4244.909308	0.098383	0.023603	13846.134766
4244.910358	0.098566	0.023603	13949.628906
4244.911287	0.098470	0.023603	14041.108398
4244.912150	0.098419	0.023603	14126.043945
4244.913200	0.098511	0.023603	14229.480469
4244.914205	0.098258	0.023603	14328.229492
4244.915088	0.098324	0.023603	14415.049805
4244.916048	0.098474	0.023603	14509.584961
4244.917104	0.098441	0.023603	14613.539062
4245.913362	1.144233	0.036252	581.270569
4245.914327	1.567687	0.036252	2094.088379
4245.915191	1.549142	0.036252	3432.546875
4245.916259	1.501509	0.036252	5036.158203
4245.917305	1.456121	0.036252	6559.260254
4245.918203	1.418478	0.036252	7833.053223
4245.919146	1.381139	0.036252	9135.466797
4245.920222	1.340431	0.036252	10577.770508
4245.921169	1.306194	0.036252	11814.736328
4245.922035	1.275908	0.036252	12919.672852
4245.923113	0.658759	0.036252	13629.814453
4245.924117	0.100400	0.036252	13730.616211
4245.925013	0.098262	0.036252	13818.659180
4245.925966	0.098434	0.036252	13912.466797
4245.927020	0.098467	0.036252	14016.250977
4245.927941	0.098383	0.036252	14106.861328
4245.928798	0.098379	0.036252	14191.171875
4245.929872	0.098331	0.036252	14296.779297
4245.930866	0.098427	0.036252	14394.615234
4245.931746	0.098463	0.036252	14481.262695
4245.932722	0.098383	0.036252	14577.284180
4246.950157	1.136422	0.024772	572.756775
4246.951087	1.566804	0.024772	2029.884766
4246.951950	1.550398	0.024772	3367.878174
4246.953020	1.503479	0.024772	4976.600586
4246.954037	1.458677	0.024772	6460.074707
4246.954934	1.421536	0.024772	7735.192383
4246.955901	1.383409	0.024772	9072.949219
4246.956954	1.343342	0.024772	10487.488281
4246.957867	1.309808	0.024772	11683.343750
4246.958729	1.278838	0.024772	12785.702148
4246.959834	0.747609	0.024772	13611.809570
4246.960817	0.103154	0.024772	13713.209961
4246.961696	0.098459	0.024772	13799.755859
4246.962708	0.098474	0.024772	13899.412109
4246.963751	0.098445	0.024772	14002.089844
4246.964645	0.098287	0.024772	14089.958984
4246.965503	0.098350	0.024772	14174.342773
4246.966600	0.098467	0.024772	14282.361328
4246.967575	0.098291	0.024772	14378.195312
4246.968441	0.098306	0.024772	14463.328125
4246.969476	0.098368	0.024772	14565.138672
4247.972023	1.079019	0.035543	454.266815
4247.973133	1.566965	0.035543	2193.598389
4247.974099	1.542129	0.035543	3683.294922
4247.974991	1.502571	0.035543	5023.587891
4247.976005	1.458278	0.035543	6502.281250
4247.977065	1.414614	0.035543	8001.772461
4247.977957	1.378649	0.035543	9231.527344
4247.978859	1.343774	0.035543	10443.611328
4247.979947	1.305498	0.035543	11863.993164
4247.980907	1.272334	0.035543	13085.433594
4247.981781	0.756251	0.035543	13746.397461
4247.982827	0.103081	0.035543	13854.220703
4247.983845	0.098394	0.035543	13954.385742
4247.984732	0.098467	0.035543	14041.725586
4247.985687	0.098518	0.035543	14135.810547
4247.986740	0.098416	0.035543	14239.442383
4247.987672	0.098408	0.035543	14331.159180
4247.988531	0.098427	0.035543	14415.708008
4247.989585	0.098437	0.035543	14519.460937
4247.990595	0.098313	0.035543	14618.756836
4247.991475	0.098313	0.035543	14705.272461
4249.003761	1.123455	0.024328	532.517456
4249.004649	1.563911	0.024328	1921.270508
4249.005509	1.553243	0.024328	3257.059814
4249.006583	1.506951	0.024328	4875.524902
4249.007531	1.464899	0.024328	6264.249023
4249.008412	1.428003	0.024328	7522.319336
4249.009401	1.389071	0.024328	8896.110352
4249.010444	1.348737	0.024328	10302.842773
4249.011330	1.315994	0.024328	11468.813477
4249.012195	1.285261	0.024328	12580.564453
4249.013239	0.964105	0.024328	13587.089844
4249.014189	0.127771	0.024328	13708.472656
4249.015065	0.098397	0.024328	13794.668945
4249.016017	0.098551	0.024328	13888.489258
4249.017050	0.098470	0.024328	13990.208984
4249.017939	0.098320	0.024328	14077.616211
4249.018802	0.098394	0.024328	14162.530273
4249.019854	0.098295	0.024328	14265.936523
4249.020801	0.098280	0.024328	14359.007812
4249.021681	0.098416	0.024328	14445.613281
4249.022604	0.098405	0.024328	14536.440430
4250.030117	1.152305	0.034673	599.198425
4250.031002	1.566226	0.034673	1985.308105
4250.031875	1.549208	0.034673	3337.766357
4250.032983	1.502128	0.034673	5002.124023
4250.033956	1.459695	0.034673	6422.407227
4250.034831	1.423264	0.034673	7667.763184
4250.035872	1.381567	0.034673	9105.974609
4250.036917	1.341980	0.034673	10508.343750
4250.037810	1.309526	0.034673	11677.750977
4250.038751	1.277128	0.034673	12879.528320
4250.039823	0.688370	0.034673	13617.460937
4250.040766	0.102598	0.034673	13714.210937
4250.041627	0.098448	0.034673	13798.974609
4250.042685	0.098518	0.034673	13903.207031
4250.043697	0.098416	0.034673	14002.803711
4250.044587	0.098416	0.034673	14090.393555
4250.045541	0.098639	0.034673	14184.495117
4250.046587	0.098525	0.034673	14287.552734
4250.047509	0.098481	0.034673	14378.352539
4250.048371	0.098405	0.034673	14463.177734
4250.049448	0.098529	0.034673	14569.293945
4251.056894	1.137656	0.025895	541.524353
4251.057785	1.564391	0.025895	1935.396729
4251.058661	1.552859	0.025895	3295.701172
4251.059620	1.511034	0.025895	4744.782715
4251.060588	1.467404	0.025895	6165.229492
4251.061508	1.429263	0.025895	7480.151367
4251.062388	1.393235	0.025895	8706.198242
4251.063433	1.354025	0.025895	10121.154297
4251.064329	1.320513	0.025895	11304.333984
4251.065211	1.289385	0.025895	12441.571289
4251.066134	1.157384	0.025895	13509.836914
4251.067149	0.187584	0.025895	13700.235352
4251.068086	0.098306	0.025895	13792.347656
4251.068943	0.098394	0.025895	13876.670898
4251.069952	0.098452	0.025895	13976.008789
4251.070859	0.098416	0.025895	14065.271484
4251.071786	0.098423	0.025895	14156.509766
4251.072654	0.098481	0.025895	14241.991211
4251.073708	0.098364	0.025895	14345.666992
4251.074596	0.098492	0.025895	14433.127930
4251.075474	0.098405	0.025895	14519.527344
4252.088909	1.194877	0.033650	683.469482
4252.089955	1.568350	0.033650	2323.963135
4252.090835	1.542096	0.033650	3681.007568
4252.091714	1.500762	0.033650	5000.177246
4252.092826	1.453704	0.033650	6616.695801
4252.093795	1.414343	0.033650	7987.194336
4252.094671	1.379194	0.033650	9195.369141
4252.095701	1.340266	0.033650	10575.843750
4252.096736	1.303239	0.033650	11924.695312
4252.097634	1.272334	0.033650	13067.250977
4252.098591	0.681976	0.033650	13719.902344
4252.099649	0.100441	0.033650	13826.168945
4252.100588	0.098379	0.033650	13918.546875
4252.101455	0.098430	0.033650	14003.885742
4252.102511	0.098427	0.033650	14107.824219
4252.103527	0.098412	0.033650	14207.810547
4252.104420	0.098423	0.033650	14295.702148
4252.105398	0.098544	0.033650	14392.078125
4252.106447	0.098536	0.033650	14495.442383
4252.107360	0.098419	0.033650	14585.298828
4252.108220	0.098441	0.033650	14669.958008
4253.109773	1.136100	0.026198	564.641602
4253.110666	1.565559	0.026198	1962.685913
4253.111538	1.549808	0.026198	3314.118652
4253.112641	1.502977	0.026198	4971.902344
4253.113620	1.460222	0.026198	6401.459961
4253.114494	1.423733	0.026198	7645.802734
4253.115527	1.382260	0.026198	9073.676758
4253.116574	1.342961	0.026198	10479.757812
4253.117473	1.310046	0.026198	11657.489258
4253.118400	1.277794	0.026198	12842.004883
4253.119478	0.716415	0.026198	13614.299805
4253.120422	0.103367	0.026198	13711.877930
4253.121285	0.098394	0.026198	13796.791992
4253.122347	0.098547	0.026198	13901.449219
4253.123351	0.098448	0.026198	14000.291016
4253.124247	0.098485	0.026198	14088.533203
4253.125201	0.098558	0.026198	14182.557617
4253.126239	0.098514	0.026198	14284.815430
4253.127171	0.098529	0.026198	14376.644531
4253.128030	0.098419	0.026198	14461.186523
4253.129085	0.098536	0.026198	14565.142578
4254.146086	1.162892	0.034170	601.215088
4254.147017	1.567090	0.034170	2060.175781
4254.147885	1.549175	0.034170	3404.859375
4254.148949	1.502457	0.034170	5003.473633
4254.149959	1.458003	0.034170	6476.056641
4254.150844	1.421389	0.034170	7733.985840
4254.151832	1.382735	0.034170	9100.128906
4254.152876	1.342665	0.034170	10501.871094
4254.153795	1.309281	0.034170	11705.100586
4254.154657	1.278376	0.034170	12807.060547
4254.155738	0.763777	0.034170	13632.703125
4254.156740	0.103114	0.034170	13736.023437
4254.157613	0.098397	0.034170	13821.923828
4254.158589	0.098459	0.034170	13918.020508
4254.159632	0.098456	0.034170	14020.709961
4254.160542	0.098463	0.034170	14110.311523
4254.161409	0.098427	0.034170	14195.647461
4254.162486	0.098496	0.034170	14301.727539
4254.163461	0.098397	0.034170	14397.665039
4254.164341	0.098357	0.034170	14484.218750
4254.165338	0.098496	0.034170	14582.418945
4255.164352	1.063260	0.025879	450.822418
4255.165358	1.563768	0.025879	2023.973267
4255.166424	1.543077	0.025879	3668.893555
4255.167306	1.502900	0.025879	4994.451660
4255.168242	1.461504	0.025879	6362.419434
4255.169317	1.416991	0.025879	7885.684570
4255.170257	1.379491	0.025879	9182.406250
4255.171131	1.345825	0.025879	10358.657227
4255.172203	1.307457	0.025879	11760.250977
4255.173204	1.272905	0.025879	13034.429687
4255.174109	0.754493	0.025879	13717.246094
4255.175086	0.107432	0.025879	13822.207031
4255.176142	0.098459	0.025879	13926.180664
4255.177061	0.098467	0.025879	14016.671875
4255.177923	0.098496	0.025879	14101.575195
4255.179002	0.098496	0.025879	14207.852539
4255.179983	0.098350	0.025879	14304.333984
4255.180879	0.098430	0.025879	14392.527344
4255.181885	0.098602	0.025879	14491.721680
4255.182925	0.098507	0.025879	14594.168945
4255.183820	0.098463	0.025879	14682.292969
4256.203487	1.097505	0.034629	491.682190
4256.204364	1.561296	0.034629	1860.939209
4256.205224	1.554225	0.034629	3197.572754
4256.206270	1.509298	0.034629	4776.298828
4256.207178	1.468634	0.034629	6109.818359
4256.208059	1.431753	0.034629	7371.192383
4256.208995	1.393872	0.034629	8675.856445
4256.209987	1.355790	0.034629	10020.799805
4256.210911	1.321820	0.034629	11242.161133
4256.211795	1.290366	0.034629	12382.844727
4256.212836	1.150140	0.034629	13580.140625
4256.213750	0.191539	0.034629	13755.208008
4256.214627	0.098375	0.034629	13841.483398
4256.215496	0.098540	0.034629	13927.114258
4256.216557	0.098427	0.034629	14031.544922
4256.217439	0.098463	0.034629	14118.389648
4256.218306	0.098416	0.034629	14203.715820
4256.219303	0.098489	0.034629	14301.909180
4256.220228	0.098423	0.034629	14392.950195
4256.221146	0.098518	0.034629	14483.389648
4256.222020	0.098397	0.034629	14569.388672
4257.218595	1.156058	0.024933	595.370056
4257.219613	1.568152	0.024933	2191.748535
4257.220509	1.545143	0.024933	3576.196289
4257.221467	1.502941	0.024933	5016.013672
4257.222529	1.456029	0.024933	6562.316406
4257.223463	1.417079	0.024933	7885.868164
4257.224330	1.381622	0.024933	9083.734375
4257.225413	1.341540	0.024933	10536.623047
4257.226406	1.305579	0.024933	11833.062500
4257.227298	1.275062	0.024933	12970.417969
4257.228286	0.714774	0.024933	13676.615234
4257.229327	0.102048	0.024933	13782.847656
4257.230230	0.098448	0.024933	13871.747070
4257.231089	0.098481	0.024933	13956.342773
4257.232179	0.098558	0.024933	14063.771484
4257.233166	0.098470	0.024933	14160.961914
4257.234039	0.098459	0.024933	14246.916992
4257.235030	0.098566	0.024933	14344.595703
4257.236115	0.098481	0.024933	14451.448242
4257.236995	0.098448	0.024933	14538.083008
4257.237858	0.098456	0.024933	14623.050781
4258.260406	1.061433	0.033481	447.924744
4258.261380	1.559341	0.033481	1966.722656
4258.262441	1.544462	0.033481	3605.396484
4258.263376	1.502391	0.033481	5010.132324
4258.264245	1.463192	0.033481	6281.646484
4258.265322	1.419199	0.033481	7810.124023
4258.266314	1.379440	0.033481	9178.528320
4258.267210	1.345540	0.033481	10384.131836
4258.268217	1.309779	0.033481	11703.079102
4258.269259	1.273488	0.033481	13030.052734
4258.270169	0.750465	0.033481	13712.975586
4258.271032	0.108666	0.033481	13806.753906
4258.272145	0.098540	0.033481	13916.428711
4258.273116	0.098492	0.033481	14012.064453
4258.273975	0.098474	0.033481	14096.653320
4258.275045	0.098544	0.033481	14202.094727
4258.276068	0.098357	0.033481	14302.713867
4258.276941	0.098463	0.033481	14388.671875
4258.277872	0.098529	0.033481	14480.402344
4258.278944	0.098632	0.033481	14586.135742
4258.279891	0.098489	0.033481	14679.404297
4259.273675	1.075360	0.024667	468.857025
4259.274535	1.559758	0.024667	1810.249146
4259.275614	1.546952	0.024667	3479.410156
4259.276559	1.505284	0.024667	4901.903809
4259.277442	1.466162	0.024667	6196.524902
4259.278410	1.426252	0.024667	7577.137207
4259.279434	1.384669	0.024667	8995.038086
4259.280328	1.350637	0.024667	10202.507812
4259.281194	1.317982	0.024667	11343.879883
4259.282269	1.281339	0.024667	12721.319336
4259.283215	0.986492	0.024667	13654.540039
4259.284099	0.136238	0.024667	13774.974609
4259.285067	0.098507	0.024667	13870.329102
4259.286086	0.098427	0.024667	13970.625977
4259.286965	0.098459	0.024667	14057.171875
4259.287824	0.098551	0.024667	14141.827148
4259.288873	0.098522	0.024667	14245.176758
4259.289805	0.098441	0.024667	14336.923828
4259.290674	0.098536	0.024667	14422.551758
4259.291618	0.098533	0.024667	14515.566406
4259.292663	0.098412	0.024667	14618.407227
4260.316877	1.086152	0.033541	468.131653
4260.317839	1.560494	0.033541	1969.327148
4260.318886	1.544484	0.033541	3586.401367
4260.319815	1.502970	0.033541	4982.660156
4260.320677	1.463815	0.033541	6244.468262
4260.321766	1.419620	0.033541	7790.434570
4260.322774	1.379246	0.033541	9180.713867
4260.323652	1.345873	0.033541	10362.390625
4260.324665	1.310083	0.033541	11689.504883
4260.325723	1.273235	0.033541	13036.587891
4260.326625	0.753589	0.033541	13716.325195
4260.327482	0.108541	0.033541	13809.344727
4260.328587	0.098481	0.033541	13918.166992
4260.329559	0.098383	0.033541	14013.794922
4260.330431	0.098452	0.033541	14099.645508
4260.331460	0.098617	0.033541	14201.122070
4260.332498	0.098573	0.033541	14303.440430
4260.333387	0.098401	0.033541	14390.918945
4260.334277	0.098547	0.033541	14478.625977
4260.335377	0.098573	0.033541	14587.056641
4260.336332	0.098481	0.033541	14681.106445
4261.328917	1.144464	0.023325	576.809937
4261.329819	1.566046	0.023325	1989.383545
4261.330685	1.549966	0.023325	3331.653809
4261.331785	1.502754	0.023325	4984.683105
4261.332756	1.459812	0.023325	6402.160645
4261.333645	1.423301	0.023325	7667.475098
4261.334661	1.382703	0.023325	9072.300781
4261.335713	1.343251	0.023325	10485.400391
4261.336604	1.310427	0.023325	11652.991211
4261.337496	1.278358	0.023325	12793.287109
4261.338593	0.744536	0.023325	13610.042969
4261.339535	0.104773	0.023325	13708.739258
4261.340394	0.098416	0.023325	13793.278320
4261.341433	0.098507	0.023325	13895.626953
4261.342466	0.098441	0.023325	13997.316406
4261.343347	0.098430	0.023325	14084.033203
4261.344263	0.098342	0.023325	14174.114258
4261.345326	0.098463	0.023325	14278.780273
4261.346278	0.098397	0.023325	14372.454102
4261.347145	0.098397	0.023325	14457.764648
4261.348175	0.098445	0.023325	14559.163086
4262.374097	1.090477	0.032288	488.533813
4262.375190	1.566808	0.032288	2201.054687
4262.376149	1.541876	0.032288	3679.713867
4262.377027	1.502439	0.032288	4998.855469
4262.378065	1.457073	0.032288	6511.296875
4262.379087	1.414706	0.032288	7957.125977
4262.379982	1.379279	0.032288	9191.580078
4262.380952	1.342910	0.032288	10494.203125
4262.382015	1.304352	0.032288	11880.729492
4262.382947	1.272140	0.032288	13066.364258
4262.383820	0.751000	0.032288	13721.987305
4262.384899	0.101675	0.032288	13831.694336
4262.385894	0.098287	0.032288	13929.490234
4262.386791	0.098364	0.032288	14017.722656
4262.387769	0.098514	0.032288	14114.069336
4262.388808	0.098419	0.032288	14216.327148
4262.389705	0.098511	0.032288	14304.691406
4262.390566	0.098492	0.032288	14389.493164
4262.391636	0.098430	0.032288	14494.813477
4262.392632	0.098397	0.032288	14592.817383
4262.393519	0.098427	0.032288	14680.122070
4263.383483	1.065586	0.023019	452.874023
4263.384496	1.563413	0.023019	2036.611450
4263.385540	1.543436	0.023019	3647.958984
4263.386439	1.502758	0.023019	4998.937988
4263.387337	1.462002	0.023019	6311.815430
4263.388431	1.417661	0.023019	7862.736816
4263.389396	1.379194	0.023019	9193.659180
4263.390262	1.345983	0.023019	10359.280273
4263.391311	1.308314	0.023019	11731.702148
4263.392327	1.273422	0.023019	13025.498047
4263.393217	0.782607	0.023019	13722.018555
4263.394189	0.110120	0.023019	13829.054687
4263.395251	0.098423	0.023019	13933.580078
4263.396168	0.098456	0.023019	14023.864258
4263.397026	0.098401	0.023019	14108.291992
4263.398097	0.098544	0.023019	14213.832031
4263.399100	0.098386	0.023019	14312.513672
4263.399972	0.098448	0.023019	14398.360352
4263.400935	0.098445	0.023019	14493.163086
4263.401993	0.098390	0.023019	14597.259766
4263.402904	0.098386	0.023019	14686.889648
4264.429776	1.083333	0.032441	473.416321
4264.430658	1.561813	0.032441	1850.935059
4264.431596	1.551731	0.032441	3306.458740
4264.432566	1.509386	0.032441	4770.562988
4264.433482	1.468597	0.032441	6115.798340
4264.434350	1.431863	0.032441	7358.655273
4264.435384	1.391081	0.032441	8797.033203
4264.436274	1.356339	0.032441	10004.174805
4264.437151	1.323812	0.032441	11165.158203
4264.438038	1.291461	0.032441	12310.684570
4264.439075	1.194170	0.032441	13549.039062
4264.439958	0.236052	0.032441	13757.473633
4264.440836	0.098328	0.032441	13843.805664
4264.441824	0.098503	0.032441	13941.126953
4264.442762	0.098416	0.032441	14033.440430
4264.443691	0.098467	0.032441	14124.916016
4264.444555	0.098416	0.032441	14209.947266
4264.445591	0.098405	0.032441	14311.894531
4264.446481	0.098412	0.032441	14399.481445
4264.447360	0.098467	0.032441	14486.034180
4264.448339	0.098353	0.032441	14582.322266
4265.438216	1.135140	0.022979	564.164734
4265.439162	1.566932	0.022979	2046.482910
4265.440025	1.549812	0.022979	3383.970703
4265.441085	1.503190	0.022979	4977.351562
4265.442106	1.458333	0.022979	6466.309082
4265.443010	1.420774	0.022979	7750.688477
4265.443970	1.382728	0.022979	9078.107422
4265.445027	1.342705	0.022979	10497.346680
4265.445956	1.308640	0.022979	11713.073242
4265.446823	1.277981	0.022979	12821.083008
4265.447898	0.747034	0.022979	13624.144531
4265.448908	0.102759	0.022979	13727.930664
4265.449782	0.098459	0.022979	13813.984375
4265.450776	0.098533	0.022979	13911.925781
4265.451815	0.098489	0.022979	14014.255859
4265.452709	0.098390	0.022979	14102.216797
4265.453574	0.098364	0.022979	14187.301758
4265.454649	0.098551	0.022979	14293.244141
4265.455641	0.098394	0.022979	14390.850586
4265.456533	0.098408	0.022979	14478.630859
4265.457503	0.098533	0.022979	14574.208008
4266.486199	1.061942	0.031092	447.077637
4266.487156	1.558835	0.031092	1938.883057
4266.488226	1.544052	0.031092	3591.018066
4266.489164	1.502549	0.031092	5000.408691
4266.490031	1.463112	0.031092	6268.926270
4266.491129	1.418588	0.031092	7826.535156
4266.492131	1.378359	0.031092	9207.651367
4266.493023	1.344609	0.031092	10407.042969
4266.494015	1.309614	0.031092	11706.180664
4266.495059	1.273008	0.031092	13035.201172
4266.495974	0.736516	0.031092	13709.113281
4266.496830	0.108065	0.031092	13801.617187
4266.497933	0.098708	0.031092	13910.492187
4266.498916	0.098467	0.031092	14007.285156
4266.499797	0.098533	0.031092	14094.092773
4266.500798	0.098569	0.031092	14192.760742
4266.501849	0.098430	0.031092	14296.210937
4266.502733	0.098463	0.031092	14383.251953
4266.503609	0.098562	0.031092	14469.591797
4266.504695	0.098613	0.031092	14576.685547
4266.505654	0.098591	0.031092	14671.234375
4267.494201	1.192474	0.022298	645.128662
4267.495242	1.568240	0.022298	2277.666016
4267.496125	1.543191	0.022298	3640.303711
4267.497084	1.500978	0.022298	5079.741211
4267.498142	1.454161	0.022298	6618.244141
4267.499072	1.415632	0.022298	7934.782227
4267.499949	1.379886	0.022298	9144.942383
4267.501035	1.339871	0.022298	10600.041992
4267.502031	1.303839	0.022298	11898.666016
4267.502925	1.273217	0.022298	13036.921875
4267.503917	0.659004	0.022298	13690.653320
4267.504974	0.100349	0.022298	13796.722656
4267.505887	0.098500	0.022298	13886.653320
4267.506755	0.098555	0.022298	13972.199219
4267.507860	0.098654	0.022298	14081.210937
4267.508837	0.098331	0.022298	14177.280273
4267.509706	0.098434	0.022298	14262.819336
4267.510821	0.098394	0.022298	14372.528320
4267.511836	0.098492	0.022298	14472.498047
4267.512725	0.098459	0.022298	14560.028320
4267.513638	0.098478	0.022298	14649.938477
4268.542421	1.096417	0.030947	484.616455
4268.543285	1.560256	0.030947	1832.677979
4268.544390	1.545714	0.030947	3540.692139
4268.545389	1.500839	0.030947	5040.029785
4268.546274	1.461892	0.030947	6333.804199
4268.547286	1.420448	0.030947	7771.297852
4268.548336	1.378920	0.030947	9219.163086
4268.549226	1.344529	0.030947	10415.793945
4268.550126	1.310771	0.030947	11595.488281
4268.551230	1.273685	0.030947	13001.636719
4268.552178	0.719593	0.030947	13683.811523
4268.553049	0.106392	0.030947	13776.478516
4268.554089	0.098621	0.030947	13879.043945
4268.555119	0.098401	0.030947	13980.396484
4268.556016	0.098467	0.030947	14068.721680
4268.556962	0.098610	0.030947	14162.006836
4268.558015	0.098437	0.030947	14265.661133
4268.558951	0.098496	0.030947	14357.853516
4268.559812	0.098599	0.030947	14442.747070
4268.560877	0.098657	0.030947	14547.817383
4268.561879	0.098448	0.030947	14646.462891
4269.548997	1.073884	0.023885	463.918060
4269.549867	1.559879	0.023885	1821.012939
4269.550732	1.553558	0.023885	3164.840820
4269.551796	1.508914	0.023885	4770.325195
4269.552695	1.468883	0.023885	6090.851074
4269.553577	1.431969	0.023885	7353.847656
4269.554550	1.393158	0.023885	8709.390625
4269.555517	1.355457	0.023885	10020.117187
4269.556444	1.321454	0.023885	11245.104492
4269.557315	1.290249	0.023885	12368.911133
4269.558344	1.169421	0.023885	13572.246094
4269.559234	0.214523	0.023885	13763.170898
4269.560110	0.098313	0.023885	13849.292969
4269.561062	0.098405	0.023885	13942.973633
4269.562032	0.098379	0.023885	14038.401367
4269.562936	0.098269	0.023885	14127.236328
4269.563814	0.098240	0.023885	14213.491211
4269.564828	0.098375	0.023885	14313.244141
4269.565731	0.098295	0.023885	14402.003906
4269.566608	0.098405	0.023885	14488.304687
4269.567470	0.098295	0.023885	14573.035156
4270.598151	1.129369	0.031080	562.425720
4270.599029	1.564332	0.031080	1935.909424
4270.599940	1.549673	0.031080	3347.661377
4270.601036	1.502618	0.031080	4994.531250
4270.601991	1.460596	0.031080	6389.400391
4270.602852	1.424257	0.031080	7615.685547
4270.603883	1.382659	0.031080	9041.207031
4270.604934	1.343536	0.031080	10453.263672
4270.605817	1.311174	0.031080	11611.030273
4270.606775	1.278355	0.031080	12835.694336
4270.607840	0.736534	0.031080	13620.103516
4270.608773	0.104659	0.031080	13717.750977
4270.609645	0.098452	0.031080	13803.601562
4270.610706	0.098661	0.031080	13908.281250
4270.611700	0.098394	0.031080	14006.083984
4270.612592	0.098485	0.031080	14093.932617
4270.613558	0.098591	0.031080	14189.171875
4270.614609	0.098511	0.031080	14292.707031
4270.615521	0.098522	0.031080	14382.558594
4270.616380	0.098489	0.031080	14467.160156
4270.617456	0.098683	0.031080	14573.342773
4271.604768	1.128113	0.023329	592.259216
4271.605660	1.565134	0.023329	1988.358887
4271.606577	1.548754	0.023329	3408.565918
4271.607457	1.509840	0.023329	4737.225098
4271.608421	1.466418	0.023329	6150.852539
4271.609352	1.427875	0.023329	7480.204102
4271.610236	1.392477	0.023329	8711.153320
4271.611228	1.355149	0.023329	10055.460937
4271.612148	1.320011	0.023329	11269.871094
4271.613078	1.287649	0.023329	12467.384766
4271.613966	1.213466	0.023329	13544.942383
4271.614924	0.229691	0.023329	13764.986328
4271.615860	0.098339	0.023329	13857.031250
4271.616745	0.098544	0.023329	13944.242187
4271.617650	0.098514	0.023329	14033.397461
4271.618614	0.098456	0.023329	14128.308594
4271.619536	0.098383	0.023329	14219.017578
4271.620427	0.098427	0.023329	14306.715820
4271.621382	0.098496	0.023329	14400.779297
4271.622308	0.098342	0.023329	14491.844727
4271.623202	0.098518	0.023329	14579.919922
4272.652738	1.079088	0.030862	462.928802
4272.653802	1.565387	0.030862	2128.500488
4272.654810	1.541935	0.030862	3682.770752
4272.655696	1.502263	0.030862	5013.775879
4272.656690	1.459365	0.030862	6464.384766
4272.657748	1.415372	0.030862	7961.848633
4272.658661	1.378524	0.030862	9220.441406
4272.659524	1.344642	0.030862	10380.867187
4272.660587	1.306721	0.030862	11769.912109
4272.661591	1.272103	0.030862	13047.103516
4272.662494	0.744554	0.030862	13719.436523
4272.663488	0.105879	0.030862	13824.679687
4272.664549	0.098448	0.030862	13929.133789
4272.665439	0.098555	0.030862	14016.847656
4272.666307	0.098606	0.030862	14102.437500
4272.667399	0.098558	0.030862	14210.063477
4272.668356	0.098441	0.030862	14304.271484
4272.669224	0.098441	0.030862	14389.718750
4272.670299	0.098639	0.030862	14495.755859
4272.671333	0.098533	0.030862	14597.638672
4272.672229	0.098496	0.030862	14685.891602
4273.660457	1.160208	0.023209	603.307922
4273.661456	1.568046	0.023209	2169.785400
4273.662337	1.545765	0.023209	3531.604736
4273.663332	1.502157	0.023209	5026.250977
4273.664393	1.455721	0.023209	6570.771484
4273.665297	1.417731	0.023209	7852.399902
4273.666159	1.381769	0.023209	9043.484375
4273.667262	1.341566	0.023209	10523.232422
4273.668240	1.306494	0.023209	11800.983398
4273.669100	1.276487	0.023209	12898.761719
4273.670160	0.683980	0.023209	13623.780273
4273.671218	0.100792	0.023209	13730.417969
4273.672100	0.098390	0.023209	13817.198242
4273.673030	0.098470	0.023209	13908.775391
4273.674087	0.098456	0.023209	14012.842773
4273.675033	0.098467	0.023209	14105.992187
4273.675898	0.098423	0.023209	14191.127930
4273.676939	0.098470	0.023209	14293.635742
4273.677956	0.098309	0.023209	14393.616211
4273.678846	0.098408	0.023209	14481.199219
4273.679800	0.098481	0.023209	14575.150391
4274.708925	1.074653	0.030887	461.026245
4274.709789	1.558682	0.030887	1807.727173
4274.710906	1.545820	0.030887	3534.408691
4274.711819	1.504816	0.030887	4908.305664
4274.712702	1.465865	0.030887	6202.665039
4274.713698	1.424707	0.030887	7621.673340
4274.714706	1.383867	0.030887	9016.611328
4274.715603	1.349571	0.030887	10227.176758
4274.716472	1.316733	0.030887	11371.417969
4274.717560	1.280445	0.030887	12764.542969
4274.718463	0.989216	0.030887	13657.805664
4274.719340	0.140391	0.030887	13780.928711
4274.720351	0.098481	0.030887	13880.493164
4274.721347	0.098503	0.030887	13978.602539
4274.722230	0.098489	0.030887	14065.568359
4274.723095	0.098514	0.030887	14150.783203
4274.724180	0.098503	0.030887	14257.659180
4274.725100	0.098401	0.030887	14348.188477
4274.725977	0.098463	0.030887	14434.541016
4274.726958	0.098668	0.030887	14531.334961
4274.727949	0.098441	0.030887	14628.890625
4275.715773	1.075536	0.024256	456.027222
4275.716850	1.565295	0.024256	2141.850342
4275.717863	1.541393	0.024256	3703.281250
4275.718745	1.501644	0.024256	5027.731445
4275.719725	1.458570	0.024256	6457.130371
4275.720787	1.414812	0.024256	7959.660645
4275.721703	1.378260	0.024256	9222.147461
4275.722572	1.344272	0.024256	10390.320312
4275.723669	1.305652	0.024256	11822.620117
4275.724640	1.272081	0.024256	13057.810547
4275.725530	0.754812	0.024256	13729.593750
4275.726542	0.105575	0.024256	13836.435547
4275.727592	0.098375	0.024256	13939.729492
4275.728485	0.098416	0.024256	14027.614258
4275.729370	0.098437	0.024256	14114.731445
4275.730458	0.098621	0.024256	14222.030273
4275.731422	0.098456	0.024256	14316.941406
4275.732285	0.098405	0.024256	14401.864258
4275.733312	0.098489	0.024256	14503.012695
4275.734336	0.098437	0.024256	14603.812500
4275.735218	0.098430	0.024256	14690.627930
4276.764195	1.153542	0.030911	590.613708
4276.765080	1.565032	0.030911	1975.666748
4276.765955	1.551222	0.030911	3332.985840
4276.766877	1.510089	0.030911	4725.288086
4276.767873	1.465140	0.030911	6184.567871
4276.768800	1.426915	0.030911	7507.318359
4276.769695	1.391294	0.030911	8752.526367
4276.770702	1.353351	0.030911	10115.350586
4276.771622	1.318341	0.030911	11328.224609
4276.772553	1.286356	0.030911	12525.822266
4276.773421	1.124963	0.030911	13502.290039
4276.774476	0.157068	0.030911	13667.997070
4276.775367	0.098361	0.030911	13755.636719
4276.776239	0.098459	0.030911	13841.493164
4276.777248	0.098551	0.030911	13940.931641
4276.778170	0.098558	0.030911	14031.802734
4276.779086	0.098441	0.030911	14121.974609
4276.779945	0.098569	0.030911	14206.645508
4276.780969	0.098478	0.030911	14307.486328
4276.781865	0.098456	0.030911	14395.703125
4276.782743	0.098522	0.030911	14482.205078
4277.771720	1.074119	0.024473	464.019226
4277.772675	1.559055	0.024473	1952.916992
4277.773727	1.544663	0.024473	3577.902588
4277.774668	1.502758	0.024473	4991.997559
4277.775530	1.463807	0.024473	6253.799316
4277.776595	1.420261	0.024473	7766.377441
4277.777612	1.379846	0.024473	9169.680664
4277.778488	1.346144	0.024473	10348.902344
4277.779474	1.310841	0.024473	11641.391602
4277.780524	1.274106	0.024473	12979.203125
4277.781448	0.775975	0.024473	13696.204102
4277.782319	0.109570	0.024473	13791.639648
4277.783399	0.098514	0.024473	13898.035156
4277.784392	0.098481	0.024473	13995.827148
4277.785283	0.098445	0.024473	14083.541016
4277.786264	0.098500	0.024473	14180.168945
4277.787314	0.098558	0.024473	14283.655273
4277.788222	0.098470	0.024473	14373.066406
4277.789085	0.098456	0.024473	14458.034180
4277.790185	0.098485	0.024473	14566.368164
4277.791157	0.098357	0.024473	14661.970703
4278.818746	1.065897	0.032043	450.874512
4278.819813	1.564816	0.032043	2120.532715
4278.820833	1.541484	0.032043	3692.846680
4278.821720	1.501681	0.032043	5024.837891
4278.822697	1.459343	0.032043	6450.616211
4278.823754	1.415457	0.032043	7946.753906
4278.824666	1.378839	0.032043	9204.254883
4278.825530	1.344855	0.032043	10366.208984
4278.826619	1.306589	0.032043	11789.084961
4278.827628	1.271979	0.032043	13072.511719
4278.828519	0.738596	0.032043	13730.600586
4278.829525	0.105608	0.032043	13836.841797
4278.830566	0.098514	0.032043	13939.395508
4278.831448	0.098474	0.032043	14026.250000
4278.832319	0.098489	0.032043	14112.034180
4278.833427	0.098485	0.032043	14221.155273
4278.834384	0.098507	0.032043	14315.426758
4278.835255	0.098390	0.032043	14401.124023
4278.836313	0.098544	0.032043	14505.382812
4278.837356	0.098423	0.032043	14608.038086
4278.838249	0.098525	0.032043	14696.021484
4279.828920	1.056042	0.022810	443.537811
4279.829801	1.557601	0.022810	1815.784546
4279.830858	1.547717	0.022810	3451.721680
4279.831756	1.507716	0.022810	4805.650879
4279.832637	1.468715	0.022810	6099.588379
4279.833649	1.427172	0.022810	7543.886230
4279.834584	1.388698	0.022810	8842.318359
4279.835518	1.353325	0.022810	10106.324219
4279.836388	1.320381	0.022810	11255.055664
4279.837426	1.284946	0.022810	12588.830078
4279.838320	1.131130	0.022810	13600.060547
4279.839200	0.193601	0.022810	13770.429687
4279.840184	0.098342	0.022810	13867.198242
4279.841119	0.098419	0.022810	13959.219727
4279.842034	0.098445	0.022810	14049.296875
4279.842913	0.098364	0.022810	14135.758789
4279.843935	0.098364	0.022810	14236.287109
4279.844826	0.098302	0.022810	14323.874023
4279.845705	0.098434	0.022810	14410.397461
4279.846640	0.098492	0.022810	14502.488281
4279.847626	0.098427	0.022810	14599.537109
4280.874190	1.070142	0.031471	473.002563
4280.875051	1.559905	0.031471	1816.080566
4280.876065	1.549101	0.031471	3386.869629
4280.877111	1.503530	0.031471	4959.562500
4280.878008	1.463328	0.031471	6272.167480
4280.878929	1.424546	0.031471	7584.174316
4280.880015	1.381538	0.031471	9084.524414
4280.880966	1.345437	0.031471	10364.035156
4280.881838	1.313492	0.031471	11509.400391
4280.882884	1.277296	0.031471	12845.452148
4280.883920	0.759987	0.031471	13632.797852
4280.884811	0.107216	0.031471	13728.327148
4280.885777	0.098518	0.031471	13823.495117
4280.886831	0.098606	0.031471	13927.425781
4280.887762	0.098569	0.031471	14019.193359
4280.888625	0.098562	0.031471	14104.251953
4280.889688	0.098639	0.031471	14209.105469
4280.890671	0.098657	0.031471	14306.085937
4280.891561	0.098397	0.031471	14393.659180
4280.892537	0.098606	0.031471	14489.898437
4280.893577	0.098503	0.031471	14592.341797
4281.884603	1.060547	0.023289	445.429687
4281.885531	1.558041	0.023289	1891.291626
4281.886606	1.544791	0.023289	3551.942139
4281.887557	1.502776	0.023289	4981.082031
4281.888430	1.463507	0.023289	6258.723633
4281.889488	1.419884	0.023289	7760.960937
4281.890516	1.378934	0.023289	9178.505859
4281.891412	1.344979	0.023289	10383.607422
4281.892384	1.310171	0.023289	11657.093750
4281.893445	1.273359	0.023289	13008.127930
4281.894380	0.734337	0.023289	13694.733398
4281.895244	0.107520	0.023289	13787.629883
4281.896321	0.098507	0.023289	13893.721680
4281.897306	0.098492	0.023289	13990.736328
4281.898196	0.098427	0.023289	14078.335937
4281.899199	0.098496	0.023289	14177.127930
4281.900239	0.098445	0.023289	14279.510742
4281.901128	0.098405	0.023289	14366.992187
4281.901986	0.098452	0.023289	14451.463867
4281.903069	0.098503	0.023289	14558.142578
4281.904037	0.098423	0.023289	14653.416016
4282.928936	1.124637	0.031072	599.431763
4282.929985	1.567134	0.031072	2243.354980
4282.930907	1.541671	0.031072	3664.775879
4282.931771	1.502054	0.031072	4962.550781
4282.932854	1.455762	0.031072	6539.140625
4282.933856	1.414010	0.031072	7955.978516
4282.934739	1.379040	0.031072	9173.670898
4282.935715	1.341841	0.031072	10483.307617
4282.936790	1.304011	0.031072	11885.119141
4282.937683	1.272499	0.031072	13021.460937
4282.938558	0.745569	0.031072	13673.833984
4282.939656	0.101748	0.031072	13785.553711
4282.940630	0.098463	0.031072	13881.457031
4282.941495	0.098397	0.031072	13966.570312
4282.942545	0.098540	0.031072	14070.037109
4282.943591	0.098489	0.031072	14173.056641
4282.944481	0.098507	0.031072	14260.727539
4282.945401	0.098580	0.031072	14351.421875
4282.946471	0.098434	0.031072	14456.746094
4282.947421	0.098397	0.031072	14550.223633
4282.948285	0.098441	0.031072	14635.276367
4283.941306	1.060364	0.022850	446.413147
4283.942299	1.560480	0.022850	1995.969482
4283.943362	1.543015	0.022850	3636.194580
4283.944269	1.502234	0.022850	4998.720703
4283.945139	1.461786	0.022850	6270.474609
4283.946240	1.417756	0.022850	7831.424316
4283.947221	1.379198	0.022850	9184.417969
4283.948091	1.345975	0.022850	10355.416016
4283.949117	1.308750	0.022850	11698.193359
4283.950171	1.272744	0.022850	13039.666016
4283.951070	0.750634	0.022850	13714.485352
4283.952002	0.108380	0.022850	13815.496094
4283.953079	0.098503	0.022850	13921.583984
4283.954021	0.098427	0.022850	14014.301758
4283.954884	0.098474	0.022850	14099.285156
4283.955942	0.098566	0.022850	14203.567383
4283.956941	0.098361	0.022850	14301.830078
4283.957836	0.098383	0.022850	14389.882812
4283.958786	0.098459	0.022850	14483.418945
4283.959826	0.098481	0.022850	14585.839844
4283.960755	0.098423	0.022850	14677.274414
4284.983544	1.124220	0.030911	531.756042
4284.984433	1.562952	0.030911	1921.219971
4284.985303	1.552485	0.030911	3271.882324
4284.986267	1.510503	0.030911	4728.007324
4284.987221	1.467535	0.030911	6128.036133
4284.988140	1.429255	0.030911	7441.521973
4284.989022	1.393191	0.030911	8670.316406
4284.990069	1.353666	0.030911	10087.604492
4284.990969	1.320260	0.030911	11275.838867
4284.991855	1.289169	0.030911	12418.041992
4284.992776	1.169821	0.030911	13495.446289
4284.993780	0.196348	0.030911	13692.579102
4284.994707	0.098379	0.030911	13783.776367
4284.995570	0.098467	0.030911	13868.752930
4284.996666	0.098485	0.030911	13976.692383
4284.997551	0.098434	0.030911	14063.806641
4284.998416	0.098522	0.030911	14149.028320
4284.999299	0.098423	0.030911	14235.935547
4285.000338	0.098390	0.030911	14338.163086
4285.001242	0.098463	0.030911	14427.173828
4285.002124	0.098401	0.030911	14513.963867
4285.998910	1.192628	0.021903	651.174988
4285.999955	1.567852	0.021903	2289.579834
4286.000853	1.541949	0.021903	3674.250488
4286.001773	1.500092	0.021903	5054.334961
4286.002847	1.453770	0.021903	6615.683594
4286.003792	1.414834	0.021903	7952.701660
4286.004663	1.379865	0.021903	9154.563477
4286.005730	1.339622	0.021903	10583.939453
4286.006750	1.303129	0.021903	11913.130859
4286.007652	1.272045	0.021903	13060.515625
4286.008619	0.670561	0.021903	13708.948242
4286.009675	0.100594	0.021903	13815.175781
4286.010605	0.098427	0.021903	13906.712891
4286.011467	0.098507	0.021903	13991.625977
4286.012545	0.098573	0.021903	14097.887695
4286.013533	0.098412	0.021903	14195.118164
4286.014412	0.098412	0.021903	14281.622070
4286.015407	0.098624	0.021903	14379.752930
4286.016453	0.098386	0.021903	14482.665039
4286.017350	0.098408	0.021903	14570.937500
4286.018208	0.098485	0.021903	14655.437500
4287.038137	1.077814	0.030601	454.837341
4287.039241	1.565680	0.030601	2183.347900
4287.040217	1.541942	0.030601	3688.283447
4287.041078	1.503054	0.030601	4982.413086
4287.042184	1.455238	0.030601	6591.906250
4287.043220	1.412307	0.030601	8055.056641
4287.044106	1.376862	0.030601	9274.956055
4287.045042	1.341335	0.030601	10530.446289
4287.046120	1.303044	0.030601	11935.127930
4287.047061	1.270525	0.030601	13130.691406
4287.047926	0.709010	0.030601	13743.985352
4287.048963	0.101825	0.030601	13849.578125
4287.049976	0.098364	0.030601	13949.220703
4287.050870	0.098463	0.030601	14037.247070
4287.051832	0.098610	0.030601	14132.109375
4287.052884	0.098533	0.030601	14235.765625
4287.053806	0.098456	0.030601	14326.541992
4287.054668	0.098503	0.030601	14411.452148
4287.055747	0.098584	0.030601	14517.824219
4287.056739	0.098375	0.030601	14615.412109
4287.057635	0.098481	0.030601	14703.651367
4288.054717	1.063740	0.022576	452.089600
4288.055731	1.561659	0.022576	2035.611816
4288.056736	1.544322	0.022576	3587.655762
4288.057623	1.504343	0.022576	4922.008301
4288.058492	1.463983	0.022576	6194.209961
4288.059593	1.420342	0.022576	7758.006348
4288.060502	1.383285	0.022576	9015.412109
4288.061389	1.349850	0.022576	10212.728516
4288.062397	1.313562	0.022576	11536.798828
4288.063396	1.278406	0.022576	12813.925781
4288.064300	0.963871	0.022576	13685.264648
4288.065159	0.134103	0.022576	13800.458984
4288.066254	0.098353	0.022576	13908.156250
4288.067150	0.098324	0.022576	13996.254883
4288.068022	0.098372	0.022576	14082.035156
4288.069027	0.098496	0.022576	14181.023437
4288.070018	0.098470	0.022576	14278.607422
4288.070905	0.098386	0.022576	14365.875977
4288.071762	0.098364	0.022576	14450.173828
4288.072853	0.098536	0.022576	14557.676758
4288.073753	0.098419	0.022576	14646.253906
4289.091256	1.077656	0.028885	454.770905
4289.092368	1.566193	0.028885	2196.377197
4289.093343	1.541499	0.028885	3699.338867
4289.094213	1.502223	0.028885	5006.272949
4289.095269	1.455901	0.028885	6543.704102
4289.096331	1.412567	0.028885	8043.850586
4289.097230	1.376408	0.028885	9281.241211
4289.098182	1.340812	0.028885	10557.694336
4289.099251	1.302290	0.028885	11949.842773
4289.100205	1.269514	0.028885	13160.958984
4289.101078	0.666760	0.028885	13743.041016
4289.102151	0.100576	0.028885	13850.958984
4289.103163	0.098423	0.028885	13950.562500
4289.104052	0.098485	0.028885	14038.116211
4289.105018	0.098470	0.028885	14133.238281
4289.106070	0.098507	0.028885	14236.868164
4289.106982	0.098492	0.028885	14326.693359
4289.107842	0.098430	0.028885	14411.343750
4289.108927	0.098621	0.028885	14518.346680
4289.109917	0.098489	0.028885	14615.850586
4289.110793	0.098558	0.028885	14702.187500
4290.113237	1.101500	0.021956	482.457123
4290.114128	1.561824	0.021956	1874.042114
4290.115012	1.553236	0.021956	3247.102783
4290.115876	1.513810	0.021956	4555.034180
4290.116899	1.469740	0.021956	6058.578125
4290.117835	1.430706	0.021956	7397.718750
4290.118705	1.394659	0.021956	8611.072266
4290.119747	1.355416	0.021956	10023.416016
4290.120626	1.322487	0.021956	11185.881836
4290.121559	1.290330	0.021956	12389.759766
4290.122422	1.223423	0.021956	13445.574219
4290.123406	0.266737	0.021956	13708.043945
4290.124333	0.098295	0.021956	13799.163086
4290.125211	0.098430	0.021956	13885.584961
4290.126211	0.098503	0.021956	13984.087891
4290.127126	0.098375	0.021956	14074.101562
4290.128051	0.098342	0.021956	14165.068359
4290.128916	0.098427	0.021956	14250.207031
4290.129901	0.098262	0.021956	14346.995117
4290.130845	0.098328	0.021956	14439.816406
4290.131732	0.098405	0.021956	14527.101562
4291.144123	1.069830	0.029956	455.747711
4291.145157	1.563999	0.029956	2072.922852
4291.146196	1.541319	0.029956	3674.353760
4291.147099	1.500952	0.029956	5029.713379
4291.148073	1.459094	0.029956	6450.871094
4291.149122	1.414962	0.029956	7935.166504
4291.150054	1.377858	0.029956	9219.330078
4291.150930	1.343954	0.029956	10396.633789
4291.152026	1.305128	0.029956	11827.054687
4291.153020	1.270847	0.029956	13090.277344
4291.153915	0.707721	0.029956	13723.687500
4291.154903	0.104681	0.029956	13827.112305
4291.155953	0.098503	0.029956	13930.541016
4291.156859	0.098467	0.029956	14019.751953
4291.157722	0.098566	0.029956	14104.814453
4291.158829	0.098595	0.029956	14213.958984
4291.159798	0.098423	0.029956	14309.331055
4291.160662	0.098566	0.029956	14394.492187
4291.161670	0.098536	0.029956	14493.816406
4291.162705	0.098459	0.029956	14595.721680
4291.163589	0.098445	0.029956	14682.747070
