time (s)	coil I (A)	last det (V)	int current (uC)
3509.666848	1.150660	0.112988	589.138123
3509.667860	1.571166	0.112988	2179.157959
3509.668736	1.549636	0.112988	3536.639160
3509.669731	1.505647	0.112988	5034.757812
3509.670800	1.458666	0.112988	6594.071289
3509.671708	1.420320	0.112988	7883.721680
3509.672577	1.383483	0.112988	9085.967773
3509.673705	1.342427	0.112988	10600.225586
3509.674680	0.578445	0.112988	11164.208984
3509.675543	0.101825	0.112988	11252.083984
3509.676574	0.098525	0.112988	11353.664062
3509.677619	0.098470	0.112988	11456.565430
3509.678512	0.098463	0.112988	11544.493164
3509.679438	0.098383	0.112988	11635.595703
3509.680494	0.098390	0.112988	11739.495117
3509.681440	0.098416	0.112988	11832.596680
3509.682307	0.098522	0.112988	11918.014648
3509.683355	0.098632	0.112988	12021.380859
3509.684366	0.098500	0.112988	12120.963867
3510.681544	1.077645	0.113177	470.931000
3510.682406	1.561816	0.113177	1817.216675
3510.683509	1.550109	0.113177	3526.986572
3510.684519	1.504827	0.113177	5046.861328
3510.685402	1.465547	0.113177	6340.939453
3510.686394	1.424117	0.113177	7753.664062
3510.687456	1.381989	0.113177	9221.335937
3510.688350	1.347470	0.113177	10425.973633
3510.689277	0.804075	0.113177	11171.350586
3510.690356	0.102480	0.113177	11281.926758
3510.691309	0.098328	0.113177	11375.632812
3510.692176	0.098459	0.113177	11460.997070
3510.693209	0.098481	0.113177	11562.728516
3510.694231	0.098459	0.113177	11663.354492
3510.695129	0.098485	0.113177	11751.793945
3510.696073	0.098500	0.113177	11844.777344
3510.697120	0.098540	0.113177	11947.949219
3510.698061	0.098518	0.113177	12040.654297
3510.698927	0.098434	0.113177	12125.898437
3511.727162	1.178258	0.110248	650.398437
3511.728089	1.570514	0.110248	2106.264648
3511.729022	1.549655	0.110248	3552.092285
3511.729889	1.509950	0.110248	4861.218750
3511.730921	1.465192	0.110248	6373.296387
3511.731801	1.428047	0.110248	7629.977539
3511.732673	1.392843	0.110248	8844.537109
3511.733660	1.355508	0.110248	10182.423828
3511.734600	1.026533	0.110248	11147.365234
3511.735508	0.135535	0.110248	11270.430664
3511.736388	0.098328	0.110248	11356.958984
3511.737412	0.098467	0.110248	11457.789062
3511.738309	0.098445	0.110248	11546.093750
3511.739184	0.098441	0.110248	11632.229492
3511.740113	0.098511	0.110248	11723.746094
3511.741093	0.098357	0.110248	11820.135742
3511.742004	0.098427	0.110248	11909.802734
3511.742887	0.098394	0.110248	11996.684570
3511.743903	0.098507	0.110248	12096.767578
3512.737997	1.085090	0.108267	477.439728
3512.738865	1.562541	0.108267	1833.725708
3512.739964	1.549307	0.108267	3536.413574
3512.740941	1.505731	0.108267	5007.512695
3512.741827	1.466656	0.108267	6306.970215
3512.742836	1.424747	0.108267	7744.540039
3512.743890	1.382838	0.108267	9202.051758
3512.744783	1.347953	0.108267	10405.773437
3512.745653	0.858073	0.108267	11152.296875
3512.746760	0.104912	0.108267	11268.434570
3512.747712	0.098339	0.108267	11362.052734
3512.748574	0.098452	0.108267	11446.918945
3512.749600	0.098544	0.108267	11548.024414
3512.750636	0.098401	0.108267	11649.967773
3512.751519	0.098492	0.108267	11736.936523
3512.752453	0.098485	0.108267	11828.921875
3512.753533	0.098496	0.108267	11935.297852
3512.754470	0.098511	0.108267	12027.602539
3512.755329	0.098525	0.108267	12112.236328
3513.784264	1.067025	0.108637	467.356964
3513.785133	1.562531	0.108637	1825.195923
3513.786147	1.552808	0.108637	3399.742920
3513.787191	1.507244	0.108637	4973.305176
3513.788087	1.466869	0.108637	6287.619629
3513.789013	1.428219	0.108637	7610.150391
3513.790086	1.384951	0.108637	9096.203125
3513.791037	1.348729	0.108637	10378.844727
3513.791918	0.908785	0.108637	11179.484375
3513.792975	0.106926	0.108637	11292.505859
3513.793997	0.098317	0.108637	11392.985352
3513.794893	0.098397	0.108637	11481.149414
3513.795858	0.098507	0.108637	11576.208984
3513.796916	0.098441	0.108637	11680.359375
3513.797842	0.098364	0.108637	11771.444336
3513.798702	0.098397	0.108637	11856.066406
3513.799784	0.098419	0.108637	11962.555664
3513.800776	0.098470	0.108637	12060.238281
3513.801655	0.098430	0.108637	12146.758789
3514.798789	1.083105	0.097700	471.150879
3514.799663	1.562457	0.097700	1836.738525
3514.800714	1.551475	0.097700	3467.338379
3514.801611	1.511829	0.097700	4823.448730
3514.802491	1.472443	0.097700	6119.198242
3514.803511	1.430332	0.097700	7578.136719
3514.804433	1.391799	0.097700	8861.375977
3514.805366	1.356361	0.097700	10126.861328
3514.806234	1.092052	0.097700	11074.762695
3514.807286	0.133312	0.097700	11215.006836
3514.808160	0.098262	0.097700	11300.887695
3514.809074	0.098394	0.097700	11390.819336
3514.809952	0.098379	0.097700	11477.196289
3514.810949	0.098346	0.097700	11575.247070
3514.811877	0.098397	0.097700	11666.559570
3514.812751	0.098401	0.097700	11752.561523
3514.813804	0.098470	0.097700	11856.250977
3514.814697	0.098390	0.097700	11944.113281
3514.815615	0.098331	0.097700	12034.381836
3515.840969	1.077202	0.105640	467.505707
3515.841838	1.561992	0.105640	1824.876953
3515.842923	1.550021	0.105640	3506.649414
3515.843921	1.505222	0.105640	5008.861328
3515.844821	1.465701	0.105640	6327.992187
3515.845818	1.424425	0.105640	7748.144043
3515.846893	1.381633	0.105640	9233.399414
3515.847794	1.346627	0.105640	10446.710937
3515.848684	0.812596	0.105640	11169.921875
3515.849781	0.102572	0.105640	11282.443359
3515.850741	0.098412	0.105640	11376.918945
3515.851609	0.098467	0.105640	11462.387695
3515.852646	0.098566	0.105640	11564.600586
3515.853672	0.098467	0.105640	11665.627930
3515.854563	0.098397	0.105640	11753.299805
3515.855491	0.098459	0.105640	11844.669922
3515.856546	0.098251	0.105640	11948.324219
3515.857478	0.098386	0.105640	12040.020508
3515.858338	0.098437	0.105640	12124.676758
3516.859406	1.144907	0.087444	573.598511
3516.860417	1.571096	0.087444	2161.976807
3516.861313	1.549310	0.087444	3550.158691
3516.862305	1.505691	0.087444	5043.804199
3516.863364	1.458926	0.087444	6588.806641
3516.864279	1.420452	0.087444	7888.520020
3516.865150	1.384083	0.087444	9094.056641
3516.866267	1.343166	0.087444	10594.373047
3516.867249	0.587996	0.087444	11171.785156
3516.868111	0.101858	0.087444	11259.586914
3516.869188	0.098500	0.087444	11365.670898
3516.870212	0.098324	0.087444	11466.354492
3516.871096	0.098394	0.087444	11553.333984
3516.872009	0.098463	0.087444	11643.230469
3516.873091	0.098434	0.087444	11749.736328
3516.874031	0.098357	0.087444	11842.191406
3516.874889	0.098416	0.087444	11926.631836
3516.875908	0.098566	0.087444	12027.070312
3516.876952	0.098339	0.087444	12129.735352
3517.898992	1.099347	0.099017	525.487793
3517.900074	1.569928	0.099017	2224.149902
3517.900960	1.548146	0.099017	3595.807129
3517.901821	1.509430	0.099017	4895.426270
3517.902867	1.463573	0.099017	6426.323730
3517.903824	1.423209	0.099017	7788.334961
3517.904698	1.387690	0.099017	9001.176758
3517.905584	1.352329	0.099017	10199.339844
3517.906706	0.791305	0.099017	11087.183594
3517.907607	0.107384	0.099017	11183.936523
3517.908471	0.098379	0.099017	11268.935547
3517.909498	0.098503	0.099017	11370.098633
3517.910468	0.098335	0.099017	11465.483398
3517.911343	0.098364	0.099017	11551.551758
3517.912205	0.098394	0.099017	11636.367187
3517.913306	0.098335	0.099017	11744.633789
3517.914195	0.098346	0.099017	11832.063477
3517.915073	0.098383	0.099017	11918.443359
3517.916084	0.098423	0.099017	12017.949219
3518.919184	1.142948	0.080592	573.759888
3518.920192	1.570972	0.080592	2157.299316
3518.921093	1.548937	0.080592	3552.891357
3518.922067	1.506086	0.080592	5019.819336
3518.923127	1.459219	0.080592	6566.591309
3518.924043	1.420576	0.080592	7867.838867
3518.924913	1.384541	0.080592	9072.389648
3518.926002	1.344144	0.080592	10536.163086
3518.926977	0.632904	0.080592	11153.244141
3518.927859	0.102737	0.080592	11243.858398
3518.928884	0.098394	0.080592	11344.711914
3518.929945	0.098390	0.080592	11449.103516
3518.930826	0.098401	0.080592	11535.794922
3518.931704	0.098437	0.080592	11622.222656
3518.932792	0.098459	0.080592	11729.346680
3518.933753	0.098412	0.080592	11823.920898
3518.934617	0.098320	0.080592	11908.870117
3518.935670	0.098397	0.080592	12012.482422
3518.936701	0.098394	0.080592	12113.925781
3519.956933	1.064722	0.089096	463.153931
3519.957801	1.562344	0.089096	1819.268311
3519.958815	1.553306	0.089096	3394.320312
3519.959862	1.507665	0.089096	4972.845215
3519.960754	1.467067	0.089096	6281.468750
3519.961667	1.428541	0.089096	7585.727051
3519.962730	1.385812	0.089096	9058.844727
3519.963695	1.349297	0.089096	10360.916016
3519.964569	0.939939	0.089096	11182.422852
3519.965619	0.110621	0.089096	11298.575195
3519.966636	0.098232	0.089096	11398.477539
3519.967523	0.098474	0.089096	11485.824219
3519.968481	0.098408	0.089096	11580.099609
3519.969548	0.098357	0.089096	11685.046875
3519.970474	0.098390	0.089096	11776.156250
3519.971334	0.098309	0.089096	11860.702148
3519.972378	0.098485	0.089096	11963.520508
3519.973386	0.098372	0.089096	12062.678711
3519.974273	0.098353	0.089096	12149.917969
3520.978968	1.147972	0.074513	582.022034
3520.979974	1.571052	0.074513	2162.500732
3520.980868	1.549105	0.074513	3547.400879
3520.981853	1.505837	0.074513	5030.650879
3520.982907	1.459028	0.074513	6568.466797
3520.983825	1.420587	0.074513	7872.565918
3520.984698	1.384457	0.074513	9081.196289
3520.985796	1.343617	0.074513	10556.487305
3520.986796	0.583572	0.074513	11140.058594
3520.987698	0.101115	0.074513	11231.263672
3520.988693	0.098459	0.074513	11329.230469
3520.989731	0.098331	0.074513	11431.298828
3520.990616	0.098412	0.074513	11518.393555
3520.991494	0.098386	0.074513	11604.776367
3520.992586	0.098405	0.074513	11712.234375
3520.993541	0.098456	0.074513	11806.259766
3520.994402	0.098423	0.074513	11891.001953
3520.995440	0.098511	0.074513	11993.255859
3520.996473	0.098390	0.074513	12094.892578
3522.013887	1.069069	0.084403	455.423218
3522.014806	1.561077	0.084403	1890.052612
3522.015900	1.547629	0.084403	3583.159180
3522.016856	1.505376	0.084403	5022.298828
3522.017729	1.466016	0.084403	6302.130371
3522.018783	1.422228	0.084403	7801.158203
3522.019818	1.380923	0.084403	9230.413086
3522.020714	1.346766	0.084403	10437.115234
3522.021692	0.745089	0.084403	11165.812500
3522.022739	0.101404	0.084403	11271.982422
3522.023667	0.098375	0.084403	11363.274414
3522.024527	0.098364	0.084403	11447.867187
3522.025606	0.098485	0.084403	11554.132812
3522.026595	0.098346	0.084403	11651.396484
3522.027482	0.098427	0.084403	11738.701172
3522.028477	0.098419	0.084403	11836.627930
3522.029535	0.098383	0.084403	11940.716797
3522.030435	0.098456	0.084403	12029.327148
3522.031294	0.098394	0.084403	12113.847656
3523.037621	1.060811	0.071911	446.601257
3523.038653	1.567028	0.071911	2063.773682
3523.039687	1.545963	0.071911	3662.299561
3523.040587	1.505673	0.071911	5017.404785
3523.041555	1.463687	0.071911	6434.253418
3523.042599	1.419229	0.071911	7915.927734
3523.043536	1.381857	0.071911	9210.727539
3523.044405	1.348037	0.071911	10382.171875
3523.045493	0.660762	0.071911	11101.081055
3523.046492	0.100151	0.071911	11201.131836
3523.047384	0.098346	0.071911	11288.856445
3523.048376	0.098295	0.071911	11386.365234
3523.049407	0.098320	0.071911	11487.733398
3523.050309	0.098342	0.071911	11576.438477
3523.051170	0.098375	0.071911	11661.139648
3523.052267	0.098463	0.071911	11769.153320
3523.053257	0.098269	0.071911	11866.439453
3523.054141	0.098291	0.071911	11953.329102
3523.055137	0.098379	0.071911	12051.314453
3524.071448	1.119847	0.083678	578.961121
3524.072519	1.570104	0.083678	2260.542236
3524.073451	1.544220	0.083678	3699.755371
3524.074317	1.504420	0.083678	5002.583008
3524.075422	1.456813	0.083678	6612.361328
3524.076424	1.414999	0.083678	8030.189941
3524.077322	1.379473	0.083678	9268.956055
3524.078315	1.342214	0.083678	10601.775391
3524.079375	0.484427	0.083678	11115.268555
3524.080279	0.099291	0.083678	11205.027344
3524.081140	0.098119	0.083678	11289.507812
3524.082235	0.098335	0.083678	11397.184570
3524.083194	0.098306	0.083678	11491.459961
3524.084052	0.098335	0.083678	11575.831055
3524.085131	0.098313	0.083678	11681.911133
3524.086173	0.098247	0.083678	11784.284180
3524.087055	0.098229	0.083678	11870.921875
3524.087980	0.098331	0.083678	11961.877930
3524.089050	0.098291	0.083678	12067.048828
3525.097406	1.064048	0.068692	449.028168
3525.098350	1.561175	0.068692	1922.777832
3525.099395	1.549380	0.068692	3541.879883
3525.100293	1.509100	0.068692	4897.051758
3525.101159	1.470103	0.068692	6170.160645
3525.102205	1.426329	0.068692	7662.101074
3525.103181	1.387035	0.068692	9015.847656
3525.104059	1.353380	0.068692	10204.115234
3525.104999	0.960678	0.068692	11107.152344
3525.106063	0.113265	0.068692	11227.666992
3525.106945	0.098243	0.068692	11314.317383
3525.107807	0.098353	0.068692	11399.097656
3525.108849	0.098390	0.068692	11501.620117
3525.109808	0.098232	0.068692	11595.825195
3525.110676	0.098309	0.068692	11681.157227
3525.111558	0.098353	0.068692	11767.905273
3525.112650	0.098342	0.068692	11875.294922
3525.113542	0.098320	0.068692	11962.997070
3525.114410	0.098397	0.068692	12048.406250
3526.129384	1.112391	0.083774	520.599182
3526.130265	1.565321	0.083774	1899.646973
3526.131219	1.553544	0.083774	3381.727539
3526.132286	1.506332	0.083774	4988.983398
3526.133227	1.464426	0.083774	6367.008789
3526.134095	1.427395	0.083774	7605.987793
3526.135174	1.384753	0.083774	9100.136719
3526.136173	1.346243	0.083774	10445.033203
3526.137079	0.823821	0.083774	11191.415039
3526.138065	0.109999	0.083774	11299.874023
3526.139112	0.098335	0.083774	11402.831055
3526.140018	0.098353	0.083774	11491.939453
3526.140880	0.098254	0.083774	11576.634766
3526.141963	0.098452	0.083774	11683.258789
3526.142954	0.098214	0.083774	11780.588867
3526.143836	0.098306	0.083774	11867.294922
3526.144827	0.098232	0.083774	11964.643555
3526.145880	0.098287	0.083774	12068.140625
3526.146761	0.098313	0.083774	12154.753906
3527.154617	1.088859	0.071202	461.676056
3527.155730	1.569489	0.071202	2208.516846
3527.156621	1.548065	0.071202	3587.842773
3527.157495	1.509562	0.071202	4907.199707
3527.158527	1.464287	0.071202	6418.344238
3527.159534	1.421810	0.071202	7850.107422
3527.160420	1.385998	0.071202	9078.101562
3527.161281	1.351113	0.071202	10241.410156
3527.162394	0.768779	0.071202	11097.061523
3527.163294	0.106143	0.071202	11192.589844
3527.164168	0.098320	0.071202	11278.521484
3527.165165	0.098492	0.071202	11376.718750
3527.166176	0.098210	0.071202	11476.009766
3527.167067	0.098273	0.071202	11563.570312
3527.167929	0.098284	0.071202	11648.291016
3527.169031	0.098317	0.071202	11756.635742
3527.169936	0.098247	0.071202	11845.549805
3527.170813	0.098269	0.071202	11931.731445
3527.171831	0.098427	0.071202	12031.929687
3528.187972	1.197404	0.081325	672.940796
3528.189033	1.570781	0.081325	2339.539551
3528.189929	1.544249	0.081325	3723.187012
3528.190821	1.502725	0.081325	5063.617187
3528.191930	1.455147	0.081325	6677.375000
3528.192891	1.415783	0.081325	8037.941895
3528.193767	1.380549	0.081325	9247.302734
3528.194820	1.340724	0.081325	10659.084961
3528.195843	0.465710	0.081325	11135.506836
3528.196740	0.099434	0.081325	11224.699219
3528.197693	0.098357	0.081325	11318.433594
3528.198729	0.098364	0.081325	11420.338867
3528.199664	0.098269	0.081325	11512.220703
3528.200526	0.098416	0.081325	11597.054687
3528.201586	0.098390	0.081325	11701.347656
3528.202591	0.098273	0.081325	11800.111328
3528.203473	0.098441	0.081325	11886.936523
3528.204448	0.098434	0.081325	11982.909180
3528.205496	0.098346	0.081325	12085.975586
3529.213388	1.082721	0.069357	474.231781
3529.214255	1.562168	0.069357	1828.631470
3529.215349	1.549589	0.069357	3523.881348
3529.216273	1.508262	0.069357	4917.515137
3529.217149	1.469085	0.069357	6204.433105
3529.218132	1.428794	0.069357	7608.937500
3529.219154	1.387002	0.069357	9026.453125
3529.220039	1.352651	0.069357	10223.549805
3529.220909	1.031506	0.069357	11120.959961
3529.221971	0.119242	0.069357	11247.594727
3529.222905	0.098335	0.069357	11339.439453
3529.223783	0.098478	0.069357	11425.903320
3529.224734	0.098536	0.069357	11519.611328
3529.225757	0.098350	0.069357	11620.222656
3529.226657	0.098478	0.069357	11708.852539
3529.227519	0.098423	0.069357	11793.693359
3529.228586	0.098500	0.069357	11898.792969
3529.229526	0.098342	0.069357	11991.234375
3529.230404	0.098361	0.069357	12077.594727
3530.243269	1.068640	0.080644	455.240692
3530.244215	1.561450	0.080644	1932.372681
3530.245262	1.548629	0.080644	3553.787598
3530.246185	1.507474	0.080644	4945.186523
3530.247048	1.467689	0.080644	6211.802246
3530.248129	1.423799	0.080644	7750.928711
3530.249136	1.383094	0.080644	9143.705078
3530.250016	1.349436	0.080644	10331.208984
3530.251033	0.786826	0.080644	11131.411133
3530.252087	0.103271	0.080644	11240.259766
3530.252982	0.098309	0.080644	11328.247070
3530.253839	0.098390	0.080644	11412.567383
3530.254916	0.098390	0.080644	11518.533203
3530.255867	0.098273	0.080644	11611.990234
3530.256750	0.098346	0.080644	11698.830078
3530.257755	0.098434	0.080644	11797.755859
3530.258813	0.098467	0.080644	11901.933594
3530.259704	0.098434	0.080644	11989.637695
3530.260589	0.098372	0.080644	12076.696289
3531.272187	1.131775	0.064430	551.174377
3531.273073	1.566760	0.064430	1939.323975
3531.274020	1.552903	0.064430	3409.922852
3531.275071	1.506420	0.064430	4993.169922
3531.276004	1.464694	0.064430	6359.729004
3531.276872	1.427897	0.064430	7599.143555
3531.277949	1.385255	0.064430	9091.063477
3531.278958	1.346613	0.064430	10449.795898
3531.279848	0.844915	0.064430	11201.769531
3531.280831	0.112808	0.064430	11312.659180
3531.281864	0.098416	0.064430	11414.322266
3531.282768	0.098430	0.064430	11503.302734
3531.283626	0.098474	0.064430	11587.793945
3531.284676	0.098368	0.064430	11691.080078
3531.285679	0.098342	0.064430	11789.717773
3531.286570	0.098430	0.064430	11877.418945
3531.287554	0.098412	0.064430	11974.255859
3531.288606	0.098313	0.064430	12077.680664
3531.289512	0.098383	0.064430	12166.815430
3532.301068	1.140421	0.077784	573.631775
3532.302094	1.570466	0.077784	2184.930176
3532.302986	1.548318	0.077784	3566.029785
3532.303933	1.506445	0.077784	4992.633301
3532.304978	1.459904	0.077784	6518.232422
3532.305920	1.420763	0.077784	7856.591309
3532.306788	1.385116	0.077784	9058.872070
3532.307839	1.345763	0.077784	10473.268555
3532.308851	0.658165	0.077784	11139.332031
3532.309734	0.103440	0.077784	11230.669922
3532.310718	0.098481	0.077784	11327.575195
3532.311781	0.098350	0.077784	11432.121094
3532.312685	0.098386	0.077784	11521.062500
3532.313543	0.098408	0.077784	11605.497070
3532.314614	0.098503	0.077784	11710.994141
3532.315591	0.098236	0.077784	11806.970703
3532.316489	0.098427	0.077784	11895.357422
3532.317473	0.098441	0.077784	11992.223633
3532.318528	0.098408	0.077784	12096.043945
3533.330107	1.066256	0.063593	454.225128
3533.331095	1.562692	0.063593	1998.164429
3533.332107	1.548179	0.063593	3564.921387
3533.332997	1.508657	0.063593	4907.626465
3533.333861	1.468619	0.063593	6176.513672
3533.334957	1.424293	0.063593	7737.539062
3533.335886	1.386526	0.063593	9025.621094
3533.336769	1.352684	0.063593	10220.041016
3533.337774	0.891595	0.063593	11116.094727
3533.338776	0.108497	0.063593	11224.808594
3533.339656	0.098291	0.063593	11311.304687
3533.340514	0.098405	0.063593	11395.735352
3533.341593	0.098478	0.063593	11501.993164
3533.342510	0.098306	0.063593	11592.139648
3533.343381	0.098456	0.063593	11677.894531
3533.344345	0.098456	0.063593	11772.805664
3533.345368	0.098448	0.063593	11873.518555
3533.346259	0.098412	0.063593	11961.203125
3533.347121	0.098390	0.063593	12046.015625
3534.356662	1.071808	0.077087	449.087494
3534.357764	1.568763	0.077087	2177.864746
3534.358752	1.544161	0.077087	3703.496094
3534.359647	1.504296	0.077087	5049.840820
3534.360650	1.460398	0.077087	6514.620117
3534.361724	1.416346	0.077087	8035.776367
3534.362625	1.379513	0.077087	9278.717773
3534.363490	1.344833	0.077087	10441.998047
3534.364604	0.572355	0.077087	11079.601562
3534.365561	0.099884	0.077087	11175.190430
3534.366421	0.098320	0.077087	11259.746094
3534.367445	0.098434	0.077087	11360.541992
3534.368487	0.098437	0.077087	11463.114258
3534.369372	0.098441	0.077087	11550.234375
3534.370300	0.098448	0.077087	11641.594727
3534.371350	0.098445	0.077087	11744.961914
3534.372290	0.098434	0.077087	11837.489258
3534.373150	0.098368	0.077087	11922.085937
3534.374168	0.098481	0.077087	12022.339844
3535.387406	1.115050	0.061373	569.790527
3535.388434	1.570291	0.061373	2184.049316
3535.389317	1.548490	0.061373	3551.365967
3535.390182	1.509789	0.061373	4857.333008
3535.391236	1.463536	0.061373	6399.900391
3535.392187	1.423524	0.061373	7753.671875
3535.393065	1.387943	0.061373	8972.286133
3535.393983	1.352285	0.061373	10213.683594
3535.395042	0.832515	0.061373	11095.316406
3535.395941	0.110823	0.061373	11194.946289
3535.396805	0.098273	0.061373	11279.853516
3535.397828	0.098437	0.061373	11380.554687
3535.398793	0.098276	0.061373	11475.391602
3535.399666	0.098401	0.061373	11561.295898
3535.400568	0.098452	0.061373	11650.099609
3535.401653	0.098353	0.061373	11756.812500
3535.402555	0.098394	0.061373	11845.563477
3535.403414	0.098427	0.061373	11930.112305
3535.404447	0.098445	0.061373	12031.805664
3536.413437	1.097131	0.076213	540.885742
3536.414487	1.569595	0.076213	2188.960205
3536.415445	1.545007	0.076213	3669.077148
3536.416318	1.505383	0.076213	4983.276855
3536.417389	1.458373	0.076213	6545.193848
3536.418415	1.416035	0.076213	7998.045898
3536.419312	1.380113	0.076213	9236.007812
3536.420275	1.343990	0.076213	10530.270508
3536.421330	0.548712	0.076213	11109.162109
3536.422244	0.100214	0.076213	11200.757812
3536.423107	0.098364	0.076213	11285.646484
3536.424186	0.098632	0.076213	11392.070312
3536.425181	0.098427	0.076213	11490.004883
3536.426061	0.098459	0.076213	11576.649414
3536.427069	0.098558	0.076213	11675.996094
3536.428122	0.098500	0.076213	11779.716797
3536.429017	0.098577	0.076213	11867.943359
3536.429875	0.098588	0.076213	11952.531250
3536.430974	0.098500	0.076213	12060.782227
3537.444128	1.150734	0.060434	585.723450
3537.445121	1.570759	0.060434	2145.487549
3537.446016	1.549277	0.060434	3532.090820
3537.447023	1.504750	0.060434	5047.374023
3537.448082	1.458530	0.060434	6591.957520
3537.448969	1.420668	0.060434	7852.089844
3537.449848	1.384274	0.060434	9068.866211
3537.450939	1.343899	0.060434	10535.059570
3537.451902	0.665325	0.060434	11175.767578
3537.452761	0.103799	0.060434	11264.930664
3537.453806	0.098416	0.060434	11367.774414
3537.454842	0.098331	0.060434	11469.645508
3537.455720	0.098335	0.060434	11555.983398
3537.456645	0.098295	0.060434	11646.906250
3537.457714	0.098353	0.060434	11752.045898
3537.458658	0.098335	0.060434	11844.874023
3537.459526	0.098419	0.060434	11930.301758
3537.460551	0.098405	0.060434	12031.166016
3537.461571	0.098427	0.060434	12131.561523
3538.471884	1.076514	0.072580	473.666016
3538.472751	1.562124	0.072580	1828.027588
3538.473811	1.550354	0.072580	3471.402832
3538.474837	1.505219	0.072580	5015.756836
3538.475717	1.465833	0.072580	6305.689453
3538.476695	1.425568	0.072580	7699.894531
3538.477738	1.383201	0.072580	9142.572266
3538.478672	1.347590	0.072580	10401.221680
3538.479542	0.885099	0.072580	11171.257812
3538.480623	0.105751	0.072580	11285.574219
3538.481624	0.098328	0.072580	11384.000000
3538.482496	0.098397	0.072580	11469.802734
3538.483475	0.098412	0.072580	11566.148437
3538.484534	0.098423	0.072580	11670.377930
3538.485435	0.098397	0.072580	11759.034180
3538.486299	0.098481	0.072580	11844.122070
3538.487388	0.098503	0.072580	11951.392578
3538.488372	0.098317	0.072580	12048.135742
3538.489271	0.098331	0.072580	12136.535156
3539.502017	1.078235	0.057796	463.641022
3539.502898	1.562813	0.057796	1840.478882
3539.503883	1.553661	0.057796	3370.834961
3539.504887	1.509023	0.057796	4885.894531
3539.505793	1.468645	0.057796	6216.486816
3539.506659	1.430680	0.057796	7455.455566
3539.507768	1.387943	0.057796	8994.684570
3539.508672	1.352541	0.057796	10217.381836
3539.509549	1.066758	0.057796	11152.928711
3539.510570	0.138900	0.057796	11294.746094
3539.511568	0.098240	0.057796	11392.789062
3539.512446	0.098357	0.057796	11479.146484
3539.513314	0.098379	0.057796	11564.539062
3539.514398	0.098346	0.057796	11671.146484
3539.515309	0.098254	0.057796	11760.656250
3539.516193	0.098401	0.057796	11847.642578
3539.517175	0.098434	0.057796	11944.304687
3539.518173	0.098276	0.057796	12042.384766
3539.519064	0.098265	0.057796	12129.939453
3540.527129	1.143929	0.071677	575.396484
3540.528118	1.570129	0.071677	2128.254395
3540.529014	1.549230	0.071677	3516.364258
3540.530021	1.504665	0.071677	5031.562500
3540.531077	1.458186	0.071677	6571.407227
3540.531981	1.420199	0.071677	7855.267090
3540.532849	1.383417	0.071677	9056.073242
3540.533971	1.342665	0.071677	10562.542969
3540.534932	0.629037	0.071677	11167.046875
3540.535801	0.102550	0.071677	11256.163086
3540.536831	0.098547	0.071677	11357.666992
3540.537868	0.098427	0.071677	11459.735352
3540.538763	0.098500	0.071677	11547.892578
3540.539689	0.098412	0.071677	11639.021484
3540.540744	0.098412	0.071677	11742.845703
3540.541686	0.098492	0.071677	11835.625977
3540.542545	0.098478	0.071677	11920.218750
3540.543599	0.098657	0.071677	12024.203125
3540.544604	0.098397	0.071677	12123.092773
3541.559738	1.066809	0.055379	452.327026
3541.560727	1.563080	0.055379	1998.213013
3541.561676	1.550288	0.055379	3469.436523
3541.562607	1.509477	0.055379	4874.760254
3541.563474	1.469678	0.055379	6148.970703
3541.564514	1.427175	0.055379	7633.232910
3541.565398	1.391122	0.055379	8862.984375
3541.566278	1.357357	0.055379	10057.458984
3541.567264	1.036198	0.055379	11079.149414
3541.568236	0.134674	0.055379	11210.052734
3541.569173	0.098309	0.055379	11302.168945
3541.570035	0.098456	0.055379	11387.038086
3541.571054	0.098533	0.055379	11487.443359
3541.571949	0.098353	0.055379	11575.469727
3541.572831	0.098405	0.055379	11662.262695
3541.573756	0.098540	0.055379	11753.412109
3541.574740	0.098503	0.055379	11850.339844
3541.575666	0.098390	0.055379	11941.449219
3541.576549	0.098507	0.055379	12028.430664
3542.584314	1.122253	0.069047	545.415161
3542.585205	1.566321	0.069047	1941.006958
3542.586150	1.552295	0.069047	3407.925781
3542.587221	1.504867	0.069047	5019.638184
3542.588164	1.462972	0.069047	6399.221191
3542.589029	1.426450	0.069047	7633.100586
3542.590096	1.384233	0.069047	9110.078125
3542.591112	1.345580	0.069047	10477.187500
3542.591998	0.815977	0.069047	11200.142578
3542.592969	0.110929	0.069047	11307.854492
3542.594027	0.098430	0.069047	11411.993164
3542.594942	0.098375	0.069047	11502.006836
3542.595799	0.098467	0.069047	11586.392578
3542.596847	0.098503	0.069047	11689.624023
3542.597849	0.098397	0.069047	11788.217773
3542.598739	0.098481	0.069047	11875.866211
3542.599710	0.098489	0.069047	11971.499023
3542.600754	0.098533	0.069047	12074.367187
3542.601674	0.098401	0.069047	12164.896484
3543.616698	1.075210	0.053199	453.738617
3543.617748	1.568730	0.053199	2100.905518
3543.618630	1.550409	0.053199	3468.366211
3543.619516	1.511671	0.053199	4807.707031
3543.620489	1.468619	0.053199	6236.673828
3543.621429	1.428516	0.053199	7579.478516
3543.622350	1.391634	0.053199	8861.173828
3543.623221	1.357460	0.053199	10043.521484
3543.624264	1.030573	0.053199	11118.408203
3543.625163	0.136157	0.053199	11240.813477
3543.626039	0.098350	0.053199	11326.967773
3543.626986	0.098448	0.053199	11420.198242
3543.627962	0.098423	0.053199	11516.258789
3543.628882	0.098368	0.053199	11606.756836
3543.629751	0.098405	0.053199	11692.270508
3543.630791	0.098353	0.053199	11794.557617
3543.631679	0.098448	0.053199	11881.979492
3543.632551	0.098500	0.053199	11967.871094
3543.633409	0.098496	0.053199	12052.380859
3544.640989	1.111743	0.068161	510.290070
3544.641870	1.564336	0.068161	1888.469971
3544.642863	1.551954	0.068161	3429.560547
3544.643921	1.505402	0.068161	5022.275391
3544.644832	1.464386	0.068161	6356.331055
3544.645693	1.426772	0.068161	7584.782227
3544.646787	1.384395	0.068161	9099.309570
3544.647784	1.346177	0.068161	10441.447266
3544.648678	0.843402	0.068161	11195.449219
3544.649699	0.109783	0.068161	11307.537109
3544.650730	0.098342	0.068161	11408.927734
3544.651618	0.098390	0.068161	11496.297852
3544.652499	0.098489	0.068161	11583.066406
3544.653578	0.098397	0.068161	11689.237305
3544.654536	0.098350	0.068161	11783.456055
3544.655403	0.098419	0.068161	11868.785156
3544.656417	0.098474	0.068161	11968.637695
3544.657460	0.098339	0.068161	12071.205078
3544.658350	0.098342	0.068161	12158.729492
3545.674441	1.068911	0.051987	468.183044
3545.675302	1.561934	0.051987	1813.007812
3545.676326	1.551504	0.051987	3401.747803
3545.677386	1.505804	0.051987	4997.900391
3545.678266	1.465858	0.051987	6287.855469
3545.679215	1.426355	0.051987	7641.466309
3545.680277	1.383516	0.051987	9110.759766
3545.681214	1.348026	0.051987	10373.860352
3545.682090	0.907896	0.051987	11169.176758
3545.683153	0.107080	0.051987	11283.002930
3545.684161	0.098437	0.051987	11382.227539
3545.685056	0.098427	0.051987	11470.319336
3545.686019	0.098459	0.051987	11565.135742
3545.687074	0.098518	0.051987	11669.072266
3545.688001	0.098284	0.051987	11760.181641
3545.688866	0.098500	0.051987	11845.383789
3545.689935	0.098569	0.051987	11950.754883
3545.690928	0.098412	0.051987	12048.477539
3545.691822	0.098412	0.051987	12136.458008
3546.696476	1.152037	0.068157	586.387024
3546.697487	1.570496	0.068157	2174.157959
3546.698367	1.548691	0.068157	3537.006348
3546.699385	1.504054	0.068157	5068.133301
3546.700433	1.457714	0.068157	6595.817383
3546.701331	1.419825	0.068157	7870.820801
3546.702191	1.383684	0.068157	9060.789062
3546.703298	1.343375	0.068157	10547.905273
3546.704279	0.632362	0.068157	11168.251953
3546.705137	0.102719	0.068157	11256.384766
3546.706220	0.098511	0.068157	11363.072266
3546.707254	0.098430	0.068157	11464.848633
3546.708145	0.098445	0.068157	11552.562500
3546.709076	0.098573	0.068157	11644.333984
3546.710142	0.098492	0.068157	11749.327148
3546.711093	0.098463	0.068157	11842.965820
3546.711963	0.098448	0.068157	11928.616211
3546.713022	0.098467	0.068157	12032.892578
3546.714028	0.098324	0.068157	12131.806641
3547.731900	1.070398	0.050529	454.919128
3547.732939	1.567233	0.050529	2083.273926
3547.733955	1.545348	0.050529	3653.347168
3547.734850	1.505486	0.050529	5000.756836
3547.735825	1.462727	0.050529	6426.916016
3547.736885	1.418302	0.050529	7930.315918
3547.737806	1.381490	0.050529	9202.668945
3547.738676	1.347279	0.050529	10374.801758
3547.739769	0.652804	0.050529	11088.316406
3547.740769	0.100159	0.050529	11188.474609
3547.741662	0.098306	0.050529	11276.261719
3547.742652	0.098566	0.050529	11373.841797
3547.743690	0.098514	0.050529	11476.099609
3547.744591	0.098361	0.050529	11564.722656
3547.745469	0.098390	0.050529	11651.109375
3547.746574	0.098566	0.050529	11760.024414
3547.747539	0.098324	0.050529	11854.907227
3547.748406	0.098525	0.050529	11940.329102
3547.749434	0.098547	0.050529	12041.635742
3548.753474	1.193562	0.066179	662.426941
3548.754396	1.569782	0.066179	2109.765625
3548.755325	1.548622	0.066179	3548.435303
3548.756188	1.508756	0.066179	4850.491699
3548.757240	1.463507	0.066179	6390.101074
3548.758126	1.426373	0.066179	7653.867676
3548.758998	1.391228	0.066179	8867.018555
3548.760000	1.353497	0.066179	10223.222656
3548.760924	1.008615	0.066179	11155.182617
3548.761843	0.130829	0.066179	11275.414062
3548.762725	0.098331	0.066179	11362.142578
3548.763743	0.098306	0.066179	11462.217773
3548.764637	0.098383	0.066179	11550.171875
3548.765519	0.098463	0.066179	11637.016602
3548.766467	0.098364	0.066179	11730.265625
3548.767454	0.098467	0.066179	11827.452148
3548.768374	0.098383	0.066179	11917.963867
3548.769239	0.098379	0.066179	12003.061523
3548.770283	0.098463	0.066179	12105.857422
3549.788606	1.087914	0.048055	464.539215
3549.789715	1.568668	0.048055	2204.192383
3549.790677	1.544744	0.048055	3690.235840
3549.791547	1.505544	0.048055	5000.059570
3549.792570	1.460230	0.048055	6493.874512
3549.793607	1.417471	0.048055	7963.791504
3549.794505	1.381457	0.048055	9204.339844
3549.795441	1.345876	0.048055	10464.080078
3549.796517	0.603735	0.048055	11113.699219
3549.797449	0.100551	0.048055	11207.412109
3549.798321	0.098397	0.048055	11293.214844
3549.799382	0.098533	0.048055	11397.757812
3549.800393	0.098331	0.048055	11497.170898
3549.801288	0.098372	0.048055	11585.213867
3549.802238	0.098448	0.048055	11678.740234
3549.803280	0.098412	0.048055	11781.285156
3549.804203	0.098390	0.048055	11872.098633
3549.805064	0.098386	0.048055	11956.809570
3549.806127	0.098423	0.048055	12061.432617
3550.809631	1.119313	0.064918	588.758423
3550.810608	1.569525	0.064918	2122.184570
3550.811538	1.548065	0.064918	3561.885254
3550.812407	1.508683	0.064918	4872.930664
3550.813430	1.463562	0.064918	6370.154297
3550.814337	1.425322	0.064918	7662.921875
3550.815221	1.389569	0.064918	8891.300781
3550.816132	1.353955	0.064918	10124.753906
3550.817149	0.949208	0.064918	11090.098633
3550.818070	0.119799	0.064918	11200.433594
3550.818952	0.098331	0.064918	11287.162109
3550.819984	0.098390	0.064918	11388.700195
3550.820886	0.098405	0.064918	11477.460937
3550.821810	0.098423	0.064918	11568.403320
3550.822670	0.098478	0.064918	11653.093750
3550.823712	0.098412	0.064918	11755.638672
3550.824596	0.098423	0.064918	11842.644531
3550.825466	0.098459	0.064918	11928.304687
3550.826450	0.098372	0.064918	12025.102539
3551.845048	1.089005	0.048394	459.560150
3551.846182	1.569437	0.048394	2239.302002
3551.847147	1.543975	0.048394	3729.237305
3551.848020	1.504310	0.048394	5042.500000
3551.849051	1.458893	0.048394	6546.618652
3551.850095	1.415962	0.048394	8024.882812
3551.850997	1.379813	0.048394	9269.474609
3551.851940	1.344390	0.048394	10537.234375
3551.853021	0.542113	0.048394	11123.258789
3551.853956	0.099664	0.048394	11216.445312
3551.854816	0.098397	0.048394	11301.067383
3551.855884	0.098536	0.048394	11406.304687
3551.856892	0.098401	0.048394	11505.493164
3551.857786	0.098474	0.048394	11593.529297
3551.858765	0.098555	0.048394	11690.014648
3551.859815	0.098551	0.048394	11793.493164
3551.860726	0.098452	0.048394	11883.182617
3551.861585	0.098492	0.048394	11967.788086
3551.862680	0.098507	0.048394	12075.653320
3552.866592	1.153605	0.062384	587.184814
3552.867471	1.566987	0.062384	1964.566650
3552.868334	1.554316	0.062384	3305.941650
3552.869392	1.508339	0.062384	4901.764160
3552.870363	1.464913	0.062384	6324.195312
3552.871244	1.427860	0.062384	7582.140137
3552.872139	1.390572	0.062384	8826.702148
3552.873242	1.350450	0.062384	10316.249023
3552.874121	0.968460	0.062384	11167.525391
3552.874986	0.129650	0.062384	11279.671875
3552.875999	0.098430	0.062384	11379.381836
3552.876974	0.098350	0.062384	11475.272461
3552.877848	0.098437	0.062384	11561.306641
3552.878709	0.098573	0.062384	11646.177734
3552.879815	0.098445	0.062384	11755.057617
3552.880728	0.098401	0.062384	11844.897461
3552.881593	0.098492	0.062384	11930.093750
3552.882676	0.098448	0.062384	12036.713867
3552.883649	0.098353	0.062384	12132.411133
3553.902366	1.157245	0.046202	592.509399
3553.903375	1.570470	0.046202	2177.113770
3553.904267	1.547926	0.046202	3557.863770
3553.905264	1.504314	0.046202	5057.665039
3553.906301	1.458036	0.046202	6569.648437
3553.907212	1.420071	0.046202	7863.333008
3553.908078	1.383922	0.046202	9061.809570
3553.909170	1.343844	0.046202	10529.287109
3553.910172	0.607159	0.046202	11137.661133
3553.911052	0.102056	0.046202	11227.469727
3553.912056	0.098566	0.046202	11326.429687
3553.913112	0.098518	0.046202	11430.464844
3553.913983	0.098459	0.046202	11516.222656
3553.914865	0.098397	0.046202	11603.008789
3553.915954	0.098452	0.046202	11710.223633
3553.916928	0.098496	0.046202	11806.159180
3553.917798	0.098489	0.046202	11891.844727
3553.918812	0.098562	0.046202	11991.786133
3553.919846	0.098423	0.046202	12093.555664
3554.923473	1.077202	0.061304	472.891724
3554.924352	1.563201	0.061304	1846.945068
3554.925237	1.555195	0.061304	3223.292969
3554.926348	1.508705	0.061304	4899.463867
3554.927247	1.467704	0.061304	6218.929687
3554.928118	1.431160	0.061304	7465.469727
3554.929152	1.389503	0.061304	8902.215820
3554.930135	1.352120	0.061304	10231.349609
3554.931027	1.027559	0.061304	11147.931641
3554.931922	0.140867	0.061304	11274.007812
3554.933010	0.098456	0.061304	11381.127930
3554.933898	0.098397	0.061304	11468.504883
3554.934755	0.098496	0.061304	11552.916016
3554.935810	0.098573	0.061304	11656.910156
3554.936793	0.098394	0.061304	11753.630859
3554.937665	0.098353	0.061304	11839.394531
3554.938544	0.098427	0.061304	11925.911133
3554.939655	0.098573	0.061304	12035.425781
3554.940549	0.098423	0.061304	12123.416016
3555.959301	1.132218	0.044257	562.712341
3555.960226	1.568276	0.044257	2013.367920
3555.961091	1.552705	0.044257	3356.458008
3555.962174	1.505530	0.044257	4986.946777
3555.963180	1.460863	0.044257	6456.575195
3555.964078	1.423627	0.044257	7734.992187
3555.965058	1.384933	0.044257	9092.226562
3555.966103	1.344884	0.044257	10497.630859
3555.967026	0.742115	0.044257	11182.603516
3555.967891	0.107260	0.044257	11275.382812
3555.968975	0.098485	0.044257	11382.140625
3555.969960	0.098434	0.044257	11479.097656
3555.970837	0.098489	0.044257	11565.472656
3555.971852	0.098580	0.044257	11665.531250
3555.972897	0.098610	0.044257	11768.578125
3555.973780	0.098452	0.044257	11855.511719
3555.974650	0.098437	0.044257	11941.152344
3555.975756	0.098577	0.044257	12050.177734
3555.976709	0.098507	0.044257	12144.054687
3556.979206	1.134283	0.061909	564.873169
3556.980132	1.568035	0.061909	2016.873291
3556.980996	1.552167	0.061909	3357.945312
3556.982078	1.505065	0.061909	4986.425293
3556.983088	1.460467	0.061909	6461.497559
3556.983986	1.423378	0.061909	7739.690430
3556.984966	1.384230	0.061909	9096.235352
3556.986014	1.344214	0.061909	10504.971680
3556.986929	0.742603	0.061909	11184.453125
3556.987792	0.107065	0.061909	11276.850586
3556.988889	0.098522	0.061909	11384.928711
3556.989851	0.098408	0.061909	11479.597656
3556.990737	0.098390	0.061909	11566.771484
3556.991746	0.098448	0.061909	11666.106445
3556.992791	0.098339	0.061909	11768.870117
3556.993676	0.098430	0.061909	11855.980469
3556.994535	0.098467	0.061909	11940.563477
3556.995637	0.098591	0.061909	12049.210937
3556.996598	0.098383	0.061909	12143.756836
3558.015419	1.064374	0.043491	451.294525
3558.016413	1.566775	0.043491	2008.668701
3558.017302	1.552416	0.043491	3388.766113
3558.018174	1.514026	0.043491	4708.996582
3558.019162	1.470147	0.043491	6161.501465
3558.020088	1.430251	0.043491	7485.914062
3558.021016	1.393081	0.043491	8778.693359
3558.021905	1.358741	0.043491	9986.614258
3558.022869	1.144625	0.043491	11090.033203
3558.023810	0.158712	0.043491	11239.380859
3558.024692	0.098207	0.043491	11325.999023
3558.025626	0.098302	0.043491	11417.813477
3558.026610	0.098254	0.043491	11514.496094
3558.027539	0.098247	0.043491	11605.767578
3558.028407	0.098291	0.043491	11691.083984
3558.029451	0.098287	0.043491	11793.696289
3558.030326	0.098302	0.043491	11879.710937
3558.031240	0.098287	0.043491	11969.545898
3558.032120	0.098243	0.043491	12056.000000
3559.036137	1.118555	0.060603	524.602112
3559.037016	1.564691	0.060603	1899.965576
3559.037987	1.551786	0.060603	3406.749756
3559.039048	1.505149	0.060603	5003.712891
3559.039956	1.464177	0.060603	6333.185547
3559.040826	1.426959	0.060603	7574.640137
3559.041900	1.384578	0.060603	9061.676758
3559.042905	1.346081	0.060603	10414.488281
3559.043807	0.850280	0.060603	11181.440430
3559.044798	0.111145	0.060603	11291.584961
3559.045848	0.098368	0.060603	11394.871094
3559.046746	0.098328	0.060603	11483.168945
3559.047607	0.098309	0.060603	11567.813477
3559.048711	0.098434	0.060603	11676.484375
3559.049691	0.098361	0.060603	11772.877930
3559.050556	0.098405	0.060603	11857.998047
3559.051631	0.098496	0.060603	11963.880859
3559.052661	0.098386	0.060603	12065.218750
3559.053555	0.098342	0.060603	12153.136719
3560.070876	1.102793	0.044361	498.462433
3560.071743	1.562959	0.044361	1853.547852
3560.072792	1.549570	0.044361	3479.047119
3560.073686	1.509822	0.044361	4828.827637
3560.074575	1.470330	0.044361	6135.950684
3560.075555	1.429735	0.044361	7537.090820
3560.076506	1.390305	0.044361	8859.271484
3560.077438	1.354966	0.044361	10122.099609
3560.078307	1.107026	0.044361	11084.105469
3560.079349	0.131730	0.044361	11221.368164
3560.080230	0.098269	0.044361	11307.943359
3560.081107	0.098478	0.044361	11394.308594
3560.082083	0.098525	0.044361	11490.469727
3560.083041	0.098412	0.044361	11584.748047
3560.083940	0.098361	0.044361	11673.173828
3560.084813	0.098478	0.044361	11759.144531
3560.085840	0.098485	0.044361	11860.289062
3560.086737	0.098353	0.044361	11948.511719
3560.087617	0.098445	0.044361	12035.143555
3561.091871	1.153099	0.060644	592.693054
3561.092842	1.569635	0.060644	2116.808594
3561.093709	1.550358	0.060644	3460.968750
3561.094788	1.503003	0.060644	5082.708984
3561.095826	1.457157	0.060644	6595.237793
3561.096714	1.419913	0.060644	7856.121094
3561.097662	1.381981	0.060644	9166.239258
3561.098731	1.341471	0.060644	10600.271484
3561.099674	0.609064	0.060644	11174.618164
3561.100540	0.102191	0.060644	11263.115234
3561.101560	0.098522	0.060644	11363.607422
3561.102584	0.098361	0.060644	11464.329102
3561.103476	0.098390	0.060644	11552.092773
3561.104437	0.098474	0.060644	11646.726562
3561.105492	0.098445	0.060644	11750.585937
3561.106414	0.098456	0.060644	11841.362305
3561.107276	0.098437	0.060644	11926.215820
3561.108347	0.098478	0.060644	12031.685547
3561.109337	0.098185	0.060644	12128.888672
3562.127542	1.064645	0.043527	448.215424
3562.128618	1.567445	0.043527	2134.786377
3562.129550	1.547322	0.043527	3576.890137
3562.130431	1.507980	0.043527	4905.420410
3562.131402	1.465386	0.043527	6328.310059
3562.132431	1.421799	0.043527	7791.341797
3562.133327	1.385837	0.043527	9033.051758
3562.134197	1.351934	0.043527	10209.234375
3562.135275	0.822605	0.043527	11096.002930
3562.136225	0.106439	0.043527	11197.120117
3562.137101	0.098331	0.043527	11283.258789
3562.138035	0.098456	0.043527	11375.216797
3562.139085	0.098375	0.043527	11478.510742
3562.139978	0.098456	0.043527	11566.431641
3562.140840	0.098427	0.043527	11651.275391
3562.141904	0.098434	0.043527	11756.008789
3562.142842	0.098284	0.043527	11848.199219
3562.143718	0.098481	0.043527	11934.468750
3562.144637	0.098459	0.043527	12024.953125
3563.149042	1.127915	0.059778	535.759644
3563.149923	1.565153	0.059778	1914.659180
3563.150899	1.551416	0.059778	3428.841309
3563.151966	1.503995	0.059778	5033.604492
3563.152897	1.462540	0.059778	6395.229492
3563.153765	1.425146	0.059778	7632.256836
3563.154866	1.382281	0.059778	9154.148437
3563.155862	1.344254	0.059778	10493.025391
3563.156766	0.770530	0.059778	11189.583984
3563.157757	0.106476	0.059778	11295.101562
3563.158768	0.098214	0.059778	11394.396484
3563.159669	0.098507	0.059778	11483.151367
3563.160529	0.098353	0.059778	11567.735352
3563.161620	0.098430	0.059778	11675.123047
3563.162581	0.098295	0.059778	11769.583984
3563.163458	0.098405	0.059778	11855.884766
3563.164466	0.098522	0.059778	11955.194336
3563.165526	0.098353	0.059778	12059.449219
3563.166409	0.098419	0.059778	12146.353516
3564.183244	1.079253	0.042311	472.712799
3564.184105	1.561410	0.042311	1817.086670
3564.185205	1.549076	0.042311	3521.070312
3564.186107	1.508068	0.042311	4881.347168
3564.186988	1.468865	0.042311	6175.416992
3564.187968	1.428549	0.042311	7575.394531
3564.188985	1.386984	0.042311	8985.957031
3564.189879	1.352553	0.042311	10195.138672
3564.190747	1.040387	0.042311	11098.194336
3564.191851	0.116404	0.042311	11226.704102
3564.192771	0.098375	0.042311	11317.208984
3564.193653	0.098437	0.042311	11404.031250
3564.194628	0.098463	0.042311	11500.033203
3564.195633	0.098375	0.042311	11598.900391
3564.196518	0.098379	0.042311	11685.965820
3564.197381	0.098518	0.042311	11770.987305
3564.198442	0.098412	0.042311	11875.402344
3564.199374	0.098346	0.042311	11967.060547
3564.200240	0.098430	0.042311	12052.300781
3565.206207	1.064916	0.058033	450.459381
3565.207093	1.560044	0.058033	1832.658325
3565.208188	1.548164	0.058033	3527.897949
3565.209144	1.505892	0.058033	4967.531250
3565.210009	1.466993	0.058033	6236.480469
3565.211059	1.423572	0.058033	7731.230469
3565.212089	1.382509	0.058033	9155.213867
3565.212978	1.348257	0.058033	10353.814453
3565.213916	0.834913	0.058033	11136.962891
3565.215004	0.103956	0.058033	11250.067383
3565.215930	0.098456	0.058033	11341.237305
3565.216797	0.098412	0.058033	11426.560547
3565.217834	0.098496	0.058033	11528.701172
3565.218851	0.098361	0.058033	11628.734375
3565.219742	0.098459	0.058033	11716.461914
3565.220698	0.098492	0.058033	11810.621094
3565.221739	0.098591	0.058033	11913.254883
3565.222671	0.098445	0.058033	12005.005859
3565.223536	0.098405	0.058033	12090.125977
3566.239674	1.060836	0.042686	446.612030
3566.240637	1.561245	0.042686	1950.091187
3566.241710	1.546249	0.042686	3609.216309
3566.242632	1.505010	0.042686	4996.835449
3566.243498	1.465107	0.042686	6265.618652
3566.244591	1.420657	0.042686	7818.396484
3566.245592	1.380524	0.042686	9200.300781
3566.246491	1.346583	0.042686	10410.878906
3566.247492	0.728745	0.042686	11140.352539
3566.248540	0.101415	0.042686	11246.634766
3566.249429	0.098273	0.042686	11333.999023
3566.250297	0.098346	0.042686	11419.363281
3566.251400	0.098474	0.042686	11527.980469
3566.252365	0.098463	0.042686	11622.997070
3566.253229	0.098459	0.042686	11708.066406
3566.254259	0.098467	0.042686	11809.487305
3566.255285	0.098448	0.042686	11910.495117
3566.256169	0.098401	0.042686	11997.481445
3566.257078	0.098606	0.042686	12087.114258
3567.262152	1.088697	0.057824	476.849487
3567.263032	1.562600	0.057824	1851.937622
3567.264045	1.551504	0.057824	3423.611084
3567.265100	1.505453	0.057824	5011.863770
3567.265992	1.464815	0.057824	6318.478516
3567.266872	1.426531	0.057824	7573.825684
3567.267985	1.383571	0.057824	9113.740234
3567.268945	1.346953	0.057824	10406.815430
3567.269814	0.905196	0.057824	11193.431641
3567.270855	0.109211	0.057824	11307.121094
3567.271877	0.098408	0.057824	11407.694336
3567.272760	0.098416	0.057824	11494.595703
3567.273696	0.098430	0.057824	11586.726562
3567.274764	0.098617	0.057824	11692.049805
3567.275698	0.098383	0.057824	11783.939453
3567.276560	0.098390	0.057824	11868.751953
3567.277589	0.098555	0.057824	11970.165039
3567.278625	0.098386	0.057824	12072.092773
3567.279518	0.098474	0.057824	12160.030273
3568.294934	1.147504	0.042174	579.489319
3568.295834	1.567712	0.042174	1990.430420
3568.296695	1.551636	0.042174	3326.388672
3568.297821	1.503977	0.042174	5019.866699
3568.298791	1.461233	0.042174	6437.262695
3568.299654	1.425172	0.042174	7667.186035
3568.300713	1.382882	0.042174	9131.658203
3568.301752	1.343672	0.042174	10527.733398
3568.302649	0.743595	0.042174	11194.738281
3568.303587	0.106761	0.042174	11294.880859
3568.304650	0.098500	0.042174	11399.585937
3568.305579	0.098430	0.042174	11491.027344
3568.306447	0.098459	0.042174	11576.490234
3568.307471	0.098437	0.042174	11677.290039
3568.308493	0.098372	0.042174	11777.826172
3568.309379	0.098368	0.042174	11864.980469
3568.310335	0.098580	0.042174	11959.223633
3568.311384	0.098445	0.042174	12062.492187
3568.312309	0.098375	0.042174	12153.489258
3569.317936	1.150887	0.056176	624.931885
3569.318881	1.569316	0.056176	2107.936035
3569.319804	1.548065	0.056176	3536.800293
3569.320672	1.508701	0.056176	4846.353027
3569.321708	1.463668	0.056176	6362.713379
3569.322586	1.426545	0.056176	7615.220215
3569.323459	1.391320	0.056176	8829.841797
3569.324434	1.354640	0.056176	10150.615234
3569.325416	1.013547	0.056176	11145.918945
3569.326316	0.132762	0.056176	11265.405273
3569.327194	0.098273	0.056176	11351.688477
3569.328220	0.098459	0.056176	11452.708008
3569.329115	0.098350	0.056176	11540.730469
3569.329993	0.098470	0.056176	11627.187500
3569.330859	0.098350	0.056176	11712.358398
3569.331909	0.098331	0.056176	11815.606445
3569.332797	0.098386	0.056176	11902.973633
3569.333676	0.098470	0.056176	11989.529297
3569.334686	0.098459	0.056176	12088.973633
3570.351608	1.130427	0.041384	545.996338
3570.352487	1.565632	0.041384	1922.187012
3570.353433	1.552324	0.041384	3390.685547
3570.354491	1.505592	0.041384	4983.602051
3570.355430	1.463811	0.041384	6358.120605
3570.356296	1.426992	0.041384	7593.895996
3570.357358	1.385046	0.041384	9064.815430
3570.358373	1.346338	0.041384	10431.348633
3570.359257	0.862277	0.041384	11193.601562
3570.360215	0.114320	0.041384	11303.120117
3570.361271	0.098379	0.041384	11407.007812
3570.362180	0.098496	0.041384	11496.541016
3570.363049	0.098353	0.041384	11582.009766
3570.364130	0.098569	0.041384	11688.563477
3570.365127	0.098394	0.041384	11786.662109
3570.366019	0.098386	0.041384	11874.422852
3570.366997	0.098500	0.041384	11970.755859
3570.368046	0.098368	0.041384	12073.943359
3570.368953	0.098324	0.041384	12163.123047
3571.375547	1.070197	0.053332	456.973907
3571.376421	1.561168	0.053332	1821.434937
3571.377447	1.551471	0.053332	3413.244141
3571.378429	1.508035	0.053332	4894.134277
3571.379321	1.468107	0.053332	6203.685547
3571.380183	1.430079	0.053332	7436.414062
3571.381308	1.387390	0.053332	8997.228516
3571.382202	1.352435	0.053332	10206.305664
3571.383083	1.066813	0.053332	11146.167969
3571.383945	0.150601	0.053332	11275.985352
3571.384985	0.098350	0.053332	11378.268555
3571.385885	0.098394	0.053332	11466.822266
3571.386750	0.098394	0.053332	11551.932617
3571.387838	0.098324	0.053332	11658.909180
3571.388759	0.098401	0.053332	11749.536133
3571.389637	0.098375	0.053332	11835.909180
3571.390617	0.098514	0.053332	11932.453125
3571.391614	0.098390	0.053332	12030.547852
3571.392497	0.098361	0.053332	12117.400391
3572.406853	1.186831	0.041687	669.372681
3572.407910	1.569891	0.041687	2328.747803
3572.408805	1.543619	0.041687	3710.287109
3572.409678	1.502380	0.041687	5021.865234
3572.410774	1.455648	0.041687	6617.255859
3572.411747	1.416006	0.041687	7995.029297
3572.412619	1.380901	0.041687	9199.174805
3572.413634	1.342049	0.041687	10561.355469
3572.414684	0.524257	0.041687	11111.825195
3572.415572	0.100228	0.041687	11200.828125
3572.416505	0.098448	0.041687	11292.680664
3572.417569	0.098419	0.041687	11397.398437
3572.418509	0.098437	0.041687	11489.929687
3572.419379	0.098350	0.041687	11575.494141
3572.420433	0.098569	0.041687	11679.385742
3572.421456	0.098397	0.041687	11780.045898
3572.422350	0.098500	0.041687	11868.104492
3572.423307	0.098423	0.041687	11962.294922
3572.424339	0.098339	0.041687	12063.780273
3573.431765	1.086841	0.053401	486.904724
3573.432636	1.562552	0.053401	1847.887939
3573.433599	1.552830	0.053401	3343.262695
3573.434636	1.507196	0.053401	4906.224609
3573.435541	1.467019	0.053401	6233.876953
3573.436411	1.429768	0.053401	7477.775391
3573.437474	1.387398	0.053401	8952.579102
3573.438420	1.351293	0.053401	10230.902344
3573.439306	1.036608	0.053401	11149.336914
3573.440255	0.141094	0.053401	11283.235352
3573.441296	0.098258	0.053401	11385.522461
3573.442187	0.098324	0.053401	11473.128906
3573.443047	0.098284	0.053401	11557.653320
3573.444098	0.098394	0.053401	11661.064453
3573.445037	0.098284	0.053401	11753.352539
3573.445909	0.098324	0.053401	11839.090820
3573.446843	0.098459	0.053401	11931.051758
3573.447896	0.098478	0.053401	12034.749023
3573.448766	0.098419	0.053401	12120.374023
3574.462393	1.059653	0.040454	446.114044
3574.463408	1.565065	0.040454	2034.654785
3574.464468	1.544667	0.040454	3672.001465
3574.465354	1.504376	0.040454	5004.878906
3574.466294	1.463119	0.040454	6380.210937
3574.467360	1.418580	0.040454	7892.417480
3574.468302	1.380941	0.040454	9193.263672
3574.469171	1.347404	0.040454	10364.157227
3574.470222	0.704443	0.040454	11104.527344
3574.471240	0.100880	0.040454	11207.223633
3574.472130	0.098302	0.040454	11294.712891
3574.473087	0.098500	0.040454	11388.977539
3574.474132	0.098419	0.040454	11491.825195
3574.475059	0.098419	0.040454	11583.059570
3574.475921	0.098416	0.040454	11667.893555
3574.476997	0.098408	0.040454	11773.781250
3574.477997	0.098401	0.040454	11872.182617
3574.478890	0.098383	0.040454	11960.038086
3574.479888	0.098474	0.040454	12058.315430
3575.489001	1.086566	0.052192	505.253235
3575.489896	1.565343	0.052192	1906.235352
3575.490792	1.553357	0.052192	3298.043213
3575.491773	1.510690	0.052192	4780.029785
3575.492706	1.469235	0.052192	6150.825684
3575.493570	1.432006	0.052192	7388.078613
3575.494607	1.391067	0.052192	8830.615234
3575.495491	1.356555	0.052192	10029.809570
3575.496417	1.149847	0.052192	11094.568359
3575.497280	0.179484	0.052192	11249.462891
3575.498240	0.098240	0.052192	11343.773437
3575.499163	0.098416	0.052192	11434.611328
3575.500052	0.098405	0.052192	11522.092773
3575.500996	0.098339	0.052192	11614.924805
3575.501916	0.098485	0.052192	11705.531250
3575.502823	0.098441	0.052192	11794.817383
3575.503685	0.098379	0.052192	11879.620117
3575.504720	0.098342	0.052192	11981.404297
3575.505628	0.098346	0.052192	12070.702148
3576.518088	1.074097	0.039370	466.157959
3576.518954	1.561666	0.039370	1818.560913
3576.520001	1.550043	0.039370	3441.455566
3576.521022	1.504852	0.039370	4977.909668
3576.521918	1.465085	0.039370	6290.625977
3576.522874	1.425659	0.039370	7653.556152
3576.523930	1.382816	0.039370	9113.810547
3576.524868	1.347173	0.039370	10377.458984
3576.525737	0.903691	0.039370	11162.766602
3576.526818	0.105806	0.039370	11277.142578
3576.527811	0.098430	0.039370	11374.883789
3576.528704	0.098478	0.039370	11462.824219
3576.529680	0.098489	0.039370	11558.949219
3576.530722	0.098452	0.039370	11661.536133
3576.531635	0.098331	0.039370	11751.312500
3576.532494	0.098456	0.039370	11835.885742
3576.533583	0.098485	0.039370	11943.135742
3576.534578	0.098287	0.039370	12040.931641
3576.535458	0.098350	0.039370	12127.479492
3577.544657	1.085222	0.052648	476.412567
3577.545526	1.561919	0.052648	1833.720093
3577.546582	1.549134	0.052648	3469.605957
3577.547604	1.504010	0.052648	5006.704102
3577.548503	1.464122	0.052648	6322.950195
3577.549470	1.424169	0.052648	7700.121094
3577.550525	1.381545	0.052648	9157.651367
3577.551461	1.345997	0.052648	10417.504883
3577.552335	0.856055	0.052648	11165.696289
3577.553419	0.104194	0.052648	11278.642578
3577.554408	0.098174	0.052648	11375.736328
3577.555304	0.098372	0.052648	11463.876953
3577.556308	0.098445	0.052648	11562.715820
3577.557346	0.098401	0.052648	11664.855469
3577.558242	0.098390	0.052648	11753.012695
3577.559103	0.098364	0.052648	11837.704102
3577.560186	0.098470	0.052648	11944.347656
3577.561153	0.098434	0.052648	12039.533203
3577.562027	0.098419	0.052648	12125.551758
3578.573850	1.149862	0.039761	592.178955
3578.574748	1.567595	0.039761	1999.879517
3578.575617	1.551207	0.039761	3347.878662
3578.576726	1.503794	0.039761	5015.585937
3578.577703	1.460270	0.039761	6442.269531
3578.578594	1.423528	0.039761	7710.632812
3578.579602	1.383278	0.039761	9104.976562
3578.580655	1.343665	0.039761	10519.855469
3578.581552	0.746649	0.039761	11189.599609
3578.582437	0.107102	0.039761	11284.384766
3578.583551	0.098357	0.039761	11393.954102
3578.584505	0.098408	0.039761	11487.835937
3578.585370	0.098434	0.039761	11572.981445
3578.586413	0.098599	0.039761	11675.820312
3578.587445	0.098463	0.039761	11777.434570
3578.588347	0.098313	0.039761	11866.113281
3578.589305	0.098394	0.039761	11960.374023
3578.590344	0.098379	0.039761	12062.589844
3578.591271	0.098441	0.039761	12153.844727
3579.601608	1.071314	0.050428	462.807434
3579.602602	1.561168	0.050428	2014.608643
3579.603674	1.544597	0.050428	3670.416748
3579.604595	1.502831	0.050428	5054.523926
3579.605456	1.463192	0.050428	6314.332031
3579.606531	1.419800	0.050428	7840.616699
3579.607527	1.379557	0.050428	9214.655273
3579.608418	1.345847	0.050428	10413.804687
3579.609416	0.714181	0.050428	11126.557617
3579.610475	0.101173	0.050428	11233.700195
3579.611381	0.098320	0.050428	11322.778320
3579.612243	0.098273	0.050428	11407.489258
3579.613339	0.098423	0.050428	11515.360352
3579.614304	0.098361	0.050428	11610.278320
3579.615167	0.098405	0.050428	11695.201172
3579.616223	0.098573	0.050428	11799.293945
3579.617272	0.098302	0.050428	11902.413086
3579.618161	0.098434	0.050428	11989.920898
3579.619058	0.098416	0.050428	12078.199219
3580.630046	1.160369	0.037827	601.070923
3580.630987	1.568983	0.037827	2077.484131
3580.631869	1.550435	0.037827	3444.967285
3580.632804	1.509104	0.037827	4855.979492
3580.633853	1.462815	0.037827	6390.472168
3580.634745	1.425469	0.037827	7661.990234
3580.635610	1.389972	0.037827	8864.316406
3580.636658	1.350421	0.037827	10279.557617
3580.637613	0.918461	0.037827	11156.687500
3580.638485	0.121102	0.037827	11262.289062
3580.639379	0.098302	0.037827	11350.170898
3580.640488	0.098401	0.037827	11459.297852
3580.641371	0.098452	0.037827	11546.231445
3580.642237	0.098448	0.037827	11631.488281
3580.643246	0.098463	0.037827	11730.837891
3580.644219	0.098342	0.037827	11826.525391
3580.645095	0.098372	0.037827	11912.699219
3580.645971	0.098254	0.037827	11998.770508
3580.647090	0.098430	0.037827	12108.914062
3581.658048	1.070288	0.051246	455.942719
3581.659002	1.560681	0.051246	1944.832642
3581.660074	1.545608	0.051246	3601.724365
3581.661008	1.504120	0.051246	5006.572266
3581.661882	1.464272	0.051246	6286.346191
3581.662974	1.419668	0.051246	7836.623535
3581.663976	1.379359	0.051246	9218.741211
3581.664877	1.345620	0.051246	10431.144531
3581.665861	0.718103	0.051246	11137.757812
3581.666918	0.101125	0.051246	11244.647461
3581.667820	0.098375	0.051246	11333.381836
3581.668683	0.098401	0.051246	11418.301758
3581.669783	0.098533	0.051246	11526.687500
3581.670747	0.098287	0.051246	11621.436523
3581.671626	0.098441	0.051246	11707.965820
3581.672647	0.098423	0.051246	11808.455078
3581.673696	0.098339	0.051246	11911.612305
3581.674578	0.098284	0.051246	11998.298828
3581.675463	0.098427	0.051246	12085.406250
3582.685880	1.062345	0.038065	447.247192
3582.686902	1.565804	0.038065	2047.499390
3582.687802	1.550409	0.038065	3442.867432
3582.688684	1.511627	0.038065	4776.122559
3582.689589	1.470172	0.038065	6106.628418
3582.690623	1.427655	0.038065	7582.823730
3582.691521	1.390891	0.038065	8831.843750
3582.692407	1.357233	0.038065	10034.351562
3582.693422	1.042493	0.038065	11092.481445
3582.694337	0.140563	0.038065	11221.096680
3582.695260	0.098386	0.038065	11311.907227
3582.696121	0.098441	0.038065	11396.665039
3582.697164	0.098353	0.038065	11499.247070
3582.698036	0.098456	0.038065	11585.100586
3582.698917	0.098346	0.038065	11671.743164
3582.699897	0.098423	0.038065	11768.197266
3582.700835	0.098306	0.038065	11860.408203
3582.701759	0.098434	0.038065	11951.361328
3582.702620	0.098456	0.038065	12036.131836
3583.714253	1.084138	0.051822	474.852509
3583.715117	1.561007	0.051822	1823.562622
3583.716219	1.547974	0.051822	3529.429687
3583.717180	1.504849	0.051822	4975.589355
3583.718061	1.465814	0.051822	6266.971680
3583.719085	1.423810	0.051822	7724.953125
3583.720148	1.381523	0.051822	9193.512695
3583.721038	1.346862	0.051822	10392.219727
3583.721944	0.826110	0.051822	11140.674805
3583.723047	0.103737	0.051822	11255.096680
3583.723978	0.098313	0.051822	11346.625977
3583.724847	0.098350	0.051822	11432.091797
3583.725862	0.098375	0.051822	11531.942383
3583.726899	0.098394	0.051822	11633.976562
3583.727793	0.098459	0.051822	11721.999023
3583.728731	0.098353	0.051822	11814.253906
3583.729786	0.098427	0.051822	11918.093750
3583.730720	0.098445	0.051822	12010.041016
3583.731589	0.098419	0.051822	12095.567383
3584.739853	1.132405	0.038806	570.731995
3584.740758	1.567299	0.038806	1989.137207
3584.741625	1.552083	0.038806	3334.792725
3584.742697	1.505548	0.038806	4948.740234
3584.743696	1.460991	0.038806	6408.270508
3584.744596	1.424165	0.038806	7690.019043
3584.745585	1.384885	0.038806	9059.670898
3584.746643	1.344580	0.038806	10482.236328
3584.747546	0.774811	0.038806	11181.890625
3584.748408	0.108768	0.038806	11275.648437
3584.749511	0.098507	0.038806	11384.301758
3584.750476	0.098383	0.038806	11479.241211
3584.751341	0.098346	0.038806	11564.310547
3584.752457	0.098595	0.038806	11674.342773
3584.753482	0.098405	0.038806	11775.207031
3584.754378	0.098478	0.038806	11863.443359
3584.755319	0.098492	0.038806	11956.125000
3584.756373	0.098361	0.038806	12059.796875
3584.757310	0.098514	0.038806	12152.104492
3585.772476	1.081143	0.047374	458.404449
3585.773531	1.568965	0.047374	2113.662354
3585.774423	1.548973	0.047374	3495.346680
3585.775307	1.510118	0.047374	4830.291016
3585.776294	1.466788	0.047374	6278.011230
3585.777241	1.426249	0.047374	7628.668945
3585.778168	1.389159	0.047374	8916.418945
3585.779038	1.354999	0.047374	10095.267578
3585.780097	0.973909	0.047374	11126.636719
3585.780972	0.129470	0.047374	11239.922852
3585.781845	0.098320	0.047374	11325.756836
3585.782808	0.098522	0.047374	11420.632812
3585.783765	0.098474	0.047374	11514.872070
3585.784693	0.098401	0.047374	11606.188477
3585.785574	0.098383	0.047374	11692.863281
3585.786589	0.098368	0.047374	11792.707031
3585.787495	0.098408	0.047374	11881.865234
3585.788371	0.098437	0.047374	11968.096680
3585.789263	0.098500	0.047374	12055.958008
3586.796547	1.130035	0.037421	559.367554
3586.797424	1.565962	0.037421	1932.716187
3586.798360	1.551456	0.037421	3384.879395
3586.799444	1.503464	0.037421	5014.634766
3586.800395	1.461614	0.037421	6404.629395
3586.801265	1.425000	0.037421	7644.379395
3586.802301	1.383574	0.037421	9077.762695
3586.803314	1.345159	0.037421	10440.408203
3586.804213	0.823524	0.037421	11180.756836
3586.805180	0.111116	0.037421	11288.206055
3586.806231	0.098317	0.037421	11391.537109
3586.807165	0.098375	0.037421	11483.419922
3586.808028	0.098456	0.037421	11568.387695
3586.809117	0.098602	0.037421	11675.765625
3586.810103	0.098397	0.037421	11772.785156
3586.811003	0.098401	0.037421	11861.345703
3586.811973	0.098481	0.037421	11956.873047
3586.813008	0.098375	0.037421	12058.691406
3586.813915	0.098390	0.037421	12147.930664
3587.827911	1.076210	0.047491	465.998840
3587.828788	1.561941	0.047491	1835.821045
3587.829745	1.554573	0.047491	3323.547363
3587.830708	1.512001	0.047491	4779.604004
3587.831606	1.471095	0.047491	6100.647461
3587.832492	1.432288	0.047491	7369.654297
3587.833540	1.391711	0.047491	8828.167969
3587.834466	1.355914	0.047491	10083.744141
3587.835347	1.163672	0.047491	11108.939453
3587.836243	0.184479	0.047491	11274.232422
3587.837215	0.098298	0.047491	11369.778320
3587.838138	0.098368	0.047491	11460.572266
3587.839015	0.098383	0.047491	11546.853516
3587.840034	0.098394	0.047491	11647.116211
3587.840924	0.098525	0.047491	11734.803711
3587.841847	0.098492	0.047491	11825.711914
3587.842710	0.098430	0.047491	11910.657227
3587.843703	0.098448	0.047491	12008.416992
3587.844621	0.098394	0.047491	12098.742187
3588.851758	1.146778	0.037026	618.113586
3588.852832	1.569342	0.037026	2303.586914
3588.853749	1.542447	0.037026	3718.011230
3588.854619	1.501630	0.037026	5024.429199
3588.855728	1.454579	0.037026	6637.557129
3588.856707	1.414482	0.037026	8022.335449
3588.857575	1.379671	0.037026	9219.889648
3588.858671	1.338347	0.037026	10686.717773
3588.859706	0.413646	0.037026	11114.841797
3588.860595	0.099104	0.037026	11202.945312
3588.861516	0.098470	0.037026	11293.636719
3588.862565	0.098514	0.037026	11396.978516
3588.863511	0.098419	0.037026	11490.083008
3588.864372	0.098448	0.037026	11574.846680
3588.865420	0.098489	0.037026	11678.062500
3588.866434	0.098386	0.037026	11777.826172
3588.867315	0.098441	0.037026	11864.552734
3588.868274	0.098500	0.037026	11959.013672
3588.869318	0.098452	0.037026	12061.797852
3589.884342	1.063641	0.048345	446.729340
3589.885399	1.566471	0.048345	2102.489014
3589.886413	1.544235	0.048345	3668.342773
3589.887311	1.503875	0.048345	5018.822266
3589.888284	1.461343	0.048345	6440.708984
3589.889334	1.417570	0.048345	7929.157227
3589.890255	1.380601	0.048345	9200.690430
3589.891117	1.346869	0.048345	10361.691406
3589.892206	0.670679	0.048345	11092.060547
3589.893197	0.100748	0.048345	11191.902344
3589.894076	0.098401	0.048345	11278.396484
3589.895077	0.098507	0.048345	11377.001953
3589.896119	0.098496	0.048345	11479.634766
3589.897016	0.098478	0.048345	11567.969727
3589.897875	0.098383	0.048345	11652.480469
3589.898962	0.098456	0.048345	11759.501953
3589.899941	0.098577	0.048345	11856.008789
3589.900810	0.098408	0.048345	11941.525391
3589.901869	0.098500	0.048345	12045.836914
3590.907581	1.069420	0.036921	456.642395
3590.908447	1.560564	0.036921	1808.090820
3590.909498	1.550435	0.036921	3437.597656
3590.910393	1.510701	0.036921	4789.674805
3590.911274	1.471230	0.036921	6085.828613
3590.912210	1.432024	0.036921	7426.203125
3590.913216	1.391517	0.036921	8826.069336
3590.914147	1.355662	0.036921	10088.190430
3590.915019	1.167404	0.036921	11106.166016
3590.916058	0.151560	0.036921	11263.636719
3590.916934	0.098397	0.036921	11349.833008
3590.917811	0.098419	0.036921	11436.146484
3590.918672	0.098533	0.036921	11520.983398
3590.919716	0.098474	0.036921	11623.790039
3590.920608	0.098478	0.036921	11711.631836
3590.921491	0.098511	0.036921	11798.617187
3590.922467	0.098529	0.036921	11894.781250
3590.923410	0.098328	0.036921	11987.503906
3590.924331	0.098478	0.036921	12078.202148
3591.941045	1.081274	0.046947	454.135254
3591.942157	1.568031	0.046947	2197.785645
3591.943132	1.543711	0.046947	3702.903809
3591.944009	1.504069	0.046947	5021.971680
3591.945046	1.458611	0.046947	6534.551270
3591.946079	1.415867	0.046947	7997.141602
3591.946973	1.379930	0.046947	9230.798828
3591.947908	1.344653	0.046947	10488.049805
3591.948968	0.596770	0.046947	11120.625977
3591.949902	0.100594	0.046947	11214.581055
3591.950763	0.098401	0.046947	11299.304687
3591.951815	0.098507	0.046947	11402.934570
3591.952829	0.098386	0.046947	11502.698242
3591.953711	0.098379	0.046947	11589.468750
3591.954656	0.098555	0.046947	11682.602539
3591.955719	0.098390	0.046947	11787.191406
3591.956628	0.098357	0.046947	11876.597656
3591.957493	0.098470	0.046947	11961.774414
3591.958546	0.098478	0.046947	12065.471680
3592.963021	1.076455	0.036131	472.563782
3592.963891	1.561732	0.036131	1831.270752
3592.964923	1.550387	0.036131	3431.270020
3592.965957	1.504808	0.036131	4987.241699
3592.966863	1.464188	0.036131	6313.796387
3592.967809	1.425176	0.036131	7662.012695
3592.968877	1.382069	0.036131	9138.062500
3592.969832	1.345697	0.036131	10423.203125
3592.970703	0.864382	0.036131	11176.080078
3592.971773	0.105026	0.036131	11288.457031
3592.972777	0.098372	0.036131	11387.221680
3592.973660	0.098401	0.036131	11474.109375
3592.974650	0.098573	0.036131	11571.696289
3592.975692	0.098430	0.036131	11674.260742
3592.976602	0.098427	0.036131	11763.829102
3592.977458	0.098448	0.036131	11848.100586
3592.978532	0.098445	0.036131	11953.830078
3592.979534	0.098401	0.036131	12052.427734
3592.980407	0.098437	0.036131	12138.363281
3593.997242	1.070405	0.046907	455.992645
3593.998295	1.566401	0.046907	2105.413330
3593.999314	1.544000	0.046907	3678.749512
3594.000190	1.504501	0.046907	4996.691895
3594.001159	1.461764	0.046907	6413.141113
3594.002217	1.417566	0.046907	7912.925781
3594.003139	1.380868	0.046907	9186.085937
3594.004013	1.346543	0.046907	10362.964844
3594.005099	0.669653	0.046907	11090.208008
3594.006090	0.100463	0.046907	11189.766602
3594.006983	0.098368	0.046907	11277.609375
3594.007975	0.098419	0.046907	11375.241211
3594.009049	0.098525	0.046907	11481.057617
3594.009950	0.098419	0.046907	11569.733398
3594.010809	0.098452	0.046907	11654.303711
3594.011907	0.098507	0.046907	11762.464844
3594.012879	0.098273	0.046907	11857.986328
3594.013746	0.098445	0.046907	11943.337891
3594.014834	0.098514	0.046907	12050.521484
3595.018273	1.155117	0.036506	596.040466
3595.019299	1.569741	0.036506	2206.594971
3595.020183	1.546619	0.036506	3573.805664
3595.021200	1.502293	0.036506	5101.637207
3595.022238	1.456300	0.036506	6613.276367
3595.023146	1.418123	0.036506	7900.931641
3595.024009	1.381717	0.036506	9093.353516
3595.025114	1.341588	0.036506	10575.808594
3595.026085	0.591412	0.036506	11150.070312
3595.026957	0.101818	0.036506	11238.855469
3595.027968	0.098467	0.036506	11338.405273
3595.029023	0.098364	0.036506	11442.179687
3595.029915	0.098430	0.036506	11529.979492
3595.030801	0.098470	0.036506	11617.224609
3595.031904	0.098503	0.036506	11725.874023
3595.032852	0.098372	0.036506	11819.129883
3595.033716	0.098430	0.036506	11904.173828
3595.034743	0.098617	0.036506	12005.453125
3595.035770	0.098470	0.036506	12106.582031
3596.053693	1.064319	0.045860	452.335541
3596.054646	1.560388	0.045860	1939.385498
3596.055689	1.547205	0.045860	3553.119873
3596.056592	1.506808	0.045860	4913.767578
3596.057463	1.467422	0.045860	6191.892090
3596.058518	1.423773	0.045860	7693.972656
3596.059475	1.385332	0.045860	9019.735352
3596.060360	1.351630	0.045860	10215.927734
3596.061305	0.943136	0.045860	11107.191406
3596.062330	0.112540	0.045860	11222.544922
3596.063208	0.098342	0.045860	11308.889648
3596.064066	0.098445	0.045860	11393.355469
3596.065109	0.098584	0.045860	11496.178711
3596.066058	0.098412	0.045860	11589.571289
3596.066924	0.098448	0.045860	11674.828125
3596.067811	0.098427	0.045860	11762.132812
3596.068896	0.098489	0.045860	11868.993164
3596.069796	0.098555	0.045860	11957.692383
3596.070663	0.098445	0.045860	12043.043945
3597.073340	1.069325	0.035479	454.463104
3597.074344	1.563102	0.035479	2023.817261
3597.075401	1.544685	0.035479	3656.549316
3597.076304	1.503666	0.035479	5014.359375
3597.077170	1.463353	0.035479	6281.623047
3597.078278	1.419148	0.035479	7854.039062
3597.079252	1.380480	0.035479	9198.625977
3597.080126	1.347162	0.035479	10376.044922
3597.081165	0.710277	0.035479	11114.022461
3597.082213	0.100631	0.035479	11219.483398
3597.083107	0.098368	0.035479	11307.424805
3597.084038	0.098481	0.035479	11399.111328
3597.085100	0.098416	0.035479	11503.628906
3597.086039	0.098405	0.035479	11596.031250
3597.086901	0.098522	0.035479	11680.957031
3597.087949	0.098386	0.035479	11784.065430
3597.088977	0.098357	0.035479	11885.176758
3597.089858	0.098390	0.035479	11971.858398
3597.090827	0.098566	0.035479	12067.368164
3598.110134	1.058024	0.044700	443.311890
3598.111070	1.559535	0.044700	1903.036621
3598.112131	1.547468	0.044700	3544.900391
3598.113028	1.507390	0.044700	4897.029297
3598.113895	1.467927	0.044700	6169.722168
3598.114949	1.424381	0.044700	7671.020020
3598.115900	1.386321	0.044700	8989.411133
3598.116780	1.352567	0.044700	10179.669922
3598.117729	0.962878	0.044700	11093.441406
3598.118776	0.114902	0.044700	11213.744141
3598.119655	0.098364	0.044700	11300.206055
3598.120513	0.098529	0.044700	11384.744141
3598.121528	0.098573	0.044700	11484.795898
3598.122489	0.098383	0.044700	11579.341797
3598.123369	0.098566	0.044700	11666.080078
3598.124263	0.098478	0.044700	11754.119141
3598.125356	0.098364	0.044700	11861.630859
3598.126255	0.098437	0.044700	11950.125977
3598.127123	0.098547	0.044700	12035.665039
3599.129546	1.081813	0.035499	470.588531
3599.130475	1.561033	0.035499	1920.787964
3599.131537	1.546798	0.035499	3563.487549
3599.132492	1.504483	0.035499	5000.268555
3599.133355	1.465496	0.035499	6264.991211
3599.134404	1.422341	0.035499	7757.027344
3599.135433	1.381377	0.035499	9178.463867
3599.136317	1.347297	0.035499	10369.474609
3599.137296	0.788496	0.035499	11141.412109
3599.138347	0.102920	0.035499	11249.581055
3599.139254	0.098394	0.035499	11338.824219
3599.140125	0.098408	0.035499	11424.538086
3599.141180	0.098507	0.035499	11528.462891
3599.142180	0.098419	0.035499	11626.881836
3599.143073	0.098361	0.035499	11714.717773
3599.144029	0.098474	0.035499	11808.859375
3599.145082	0.098478	0.035499	11912.556641
3599.145998	0.098463	0.035499	12002.749023
3599.146860	0.098540	0.035499	12087.690430
3600.165597	1.099936	0.045646	491.671600
3600.166483	1.563395	0.045646	1876.839355
3600.167345	1.554020	0.045646	3216.404297
3600.168474	1.507753	0.045646	4918.657227
3600.169367	1.467144	0.045646	6228.816406
3600.170228	1.430475	0.045646	7460.455078
3600.171282	1.387687	0.045646	8923.077148
3600.172264	1.350491	0.045646	10249.258789
3600.173147	1.022369	0.045646	11152.010742
3600.174024	0.139845	0.045646	11274.654297
3600.175133	0.098448	0.045646	11383.833984
3600.176032	0.098350	0.045646	11472.250000
3600.176896	0.098474	0.045646	11557.332031
3600.177991	0.098518	0.045646	11665.208984
3600.178955	0.098448	0.045646	11760.113281
3600.179837	0.098566	0.045646	11847.047852
3600.180726	0.098525	0.045646	11934.636719
3600.181819	0.098467	0.045646	12042.260742
3600.182699	0.098555	0.045646	12128.989258
3601.185730	1.072273	0.033860	464.294159
3601.186594	1.560674	0.033860	1812.716431
3601.187681	1.548523	0.033860	3495.960937
3601.188686	1.503787	0.033860	5007.266602
3601.189586	1.463987	0.033860	6324.854492
3601.190570	1.423520	0.033860	7725.598633
3601.191627	1.381212	0.033860	9185.540039
3601.192538	1.346177	0.033860	10411.907227
3601.193408	0.854487	0.033860	11155.311523
3601.194498	0.104594	0.033860	11269.318359
3601.195469	0.098390	0.033860	11364.854492
3601.196338	0.098445	0.033860	11450.403320
3601.197346	0.098588	0.033860	11549.779297
3601.198402	0.098492	0.033860	11653.787109
3601.199287	0.098547	0.033860	11741.001953
3601.200173	0.098657	0.033860	11828.412109
3601.201252	0.098602	0.033860	11934.803711
3601.202198	0.098467	0.033860	12027.953125
3601.203063	0.098511	0.033860	12113.165039
3602.223065	1.085358	0.044422	484.069519
3602.223943	1.562497	0.044422	1855.942383
3602.224854	1.554163	0.044422	3271.784668
3602.225803	1.512056	0.044422	4706.725586
3602.226731	1.471212	0.044422	6072.010742
3602.227603	1.433339	0.044422	7321.881836
3602.228630	1.392554	0.044422	8752.034180
3602.229530	1.357555	0.044422	9973.833984
3602.230453	1.192940	0.044422	11074.916992
3602.231324	0.196611	0.044422	11246.165039
3602.232335	0.098372	0.044422	11345.619141
3602.233248	0.098474	0.044422	11435.526367
3602.234123	0.098591	0.044422	11521.793945
3602.235057	0.098350	0.044422	11613.652344
3602.235994	0.098394	0.044422	11705.846680
3602.236892	0.098514	0.044422	11794.312500
3602.237796	0.098584	0.044422	11883.432617
3602.238791	0.098408	0.044422	11981.348633
3602.239703	0.098390	0.044422	12071.080078
3603.240737	1.163225	0.034887	596.734436
3603.241744	1.569496	0.034887	2177.216797
3603.242629	1.547164	0.034887	3546.457275
3603.243604	1.503940	0.034887	5012.798828
3603.244655	1.457406	0.034887	6544.532227
3603.245579	1.419042	0.034887	7855.726562
3603.246449	1.383120	0.034887	9059.041016
3603.247539	1.342683	0.034887	10522.565430
3603.248551	0.579353	0.034887	11108.871094
3603.249449	0.101041	0.034887	11199.606445
3603.250433	0.098522	0.034887	11296.551758
3603.251493	0.098452	0.034887	11400.911133
3603.252386	0.098419	0.034887	11488.799805
3603.253248	0.098540	0.034887	11573.741211
3603.254342	0.098441	0.034887	11681.435547
3603.255311	0.098408	0.034887	11776.792969
3603.256174	0.098555	0.034887	11861.845703
3603.257194	0.098481	0.034887	11962.296875
3603.258223	0.098379	0.034887	12063.528320
3604.280380	1.189050	0.042174	655.166687
3604.281433	1.569401	0.042174	2307.745361
3604.282331	1.543239	0.042174	3693.573730
3604.283248	1.501710	0.042174	5070.642090
3604.284326	1.454938	0.042174	6639.064941
3604.285278	1.415588	0.042174	7986.705078
3604.286146	1.380787	0.042174	9185.228516
3604.287195	1.341277	0.042174	10592.227539
3604.288225	0.513402	0.042174	11121.031250
3604.289121	0.099921	0.042174	11210.560547
3604.290076	0.098489	0.042174	11304.617187
3604.291130	0.098459	0.042174	11408.393555
3604.292070	0.098434	0.042174	11500.920898
3604.292929	0.098430	0.042174	11585.472656
3604.293996	0.098474	0.042174	11690.544922
3604.294996	0.098375	0.042174	11788.919922
3604.295876	0.098474	0.042174	11875.577148
3604.296853	0.098584	0.042174	11971.893555
3604.297879	0.098441	0.042174	12072.894531
3605.295584	1.091426	0.034234	497.690155
3605.296458	1.562688	0.034234	1863.479492
3605.297494	1.549277	0.034234	3468.530762
3605.298457	1.506779	0.034234	4919.558594
3605.299339	1.467209	0.034234	6213.637207
3605.300224	1.428373	0.034234	7477.747070
3605.301348	1.385548	0.034234	9035.103516
3605.302238	1.350644	0.034234	10237.176758
3605.303109	1.040786	0.034234	11143.701172
3605.304123	0.124633	0.034234	11270.078125
3605.305086	0.098320	0.034234	11364.760742
3605.305967	0.098434	0.034234	11451.480469
3605.306849	0.098445	0.034234	11538.308594
3605.307935	0.098452	0.034234	11645.227539
3605.308839	0.098489	0.034234	11734.261719
3605.309699	0.098485	0.034234	11818.958984
3605.310789	0.098529	0.034234	11926.355469
3605.311759	0.098423	0.034234	12021.825195
3605.312635	0.098394	0.034234	12108.017578
3606.335671	1.061587	0.042444	446.928070
3606.336670	1.561381	0.042444	2006.747314
3606.337735	1.544641	0.042444	3651.790039
3606.338650	1.503219	0.042444	5027.235352
3606.339515	1.463134	0.042444	6292.845703
3606.340616	1.419038	0.042444	7855.207031
3606.341609	1.379297	0.042444	9224.848633
3606.342497	1.345499	0.042444	10419.652344
3606.343505	0.724764	0.042444	11150.214844
3606.344548	0.101917	0.042444	11256.513672
3606.345428	0.098317	0.042444	11343.032227
3606.346298	0.098394	0.042444	11428.634766
3606.347391	0.098690	0.042444	11536.502930
3606.348353	0.098463	0.042444	11631.224609
3606.349211	0.098463	0.042444	11715.706055
3606.350248	0.098500	0.042444	11817.850586
3606.351299	0.098514	0.042444	11921.389648
3606.352185	0.098291	0.042444	12008.475586
3606.353127	0.098500	0.042444	12101.262695
3607.351772	1.108231	0.033130	495.379333
3607.352693	1.565050	0.033130	1936.790283
3607.353588	1.553181	0.033130	3326.887451
3607.354530	1.512404	0.033130	4751.571777
3607.355482	1.469619	0.033130	6150.649414
3607.356410	1.430501	0.033130	7478.153809
3607.357278	1.394952	0.033130	8688.972656
3607.358261	1.356812	0.033130	10022.718750
3607.359206	1.127695	0.033130	11088.390625
3607.360093	0.170603	0.033130	11239.715820
3607.361101	0.098328	0.033130	11338.830078
3607.361969	0.098408	0.033130	11424.248047
3607.362883	0.098489	0.033130	11514.266602
3607.363759	0.098405	0.033130	11600.468750
3607.364733	0.098324	0.033130	11696.236328
3607.365655	0.098489	0.033130	11787.042969
3607.366581	0.098408	0.033130	11878.168945
3607.367444	0.098405	0.033130	11963.091797
3607.368439	0.098397	0.033130	12060.997070
3608.391163	1.134902	0.042831	544.753113
3608.392050	1.565160	0.042831	1933.050049
3608.393030	1.550284	0.042831	3452.328613
3608.394080	1.503560	0.042831	5031.066406
3608.395012	1.462050	0.042831	6393.696777
3608.395875	1.425073	0.042831	7623.535156
3608.396918	1.383354	0.042831	9066.374023
3608.397926	1.344917	0.042831	10422.050781
3608.398831	0.831962	0.042831	11174.976562
3608.399808	0.111035	0.042831	11283.458008
3608.400867	0.098481	0.042831	11387.750000
3608.401783	0.098346	0.042831	11477.834961
3608.402646	0.098448	0.042831	11562.795898
3608.403750	0.098558	0.042831	11671.604492
3608.404712	0.098320	0.042831	11766.188477
3608.405597	0.098427	0.042831	11853.295898
3608.406587	0.098566	0.042831	11950.875977
3608.407631	0.098386	0.042831	12053.590820
3608.408537	0.098430	0.042831	12142.768555
3609.407966	1.117093	0.033207	502.692047
3609.408853	1.563567	0.033207	1889.575928
3609.409874	1.549332	0.033207	3471.444336
3609.410939	1.502717	0.033207	5071.838379
3609.411825	1.462610	0.033207	6367.710937
3609.412731	1.424246	0.033207	7658.077148
3609.413815	1.381644	0.033207	9155.779297
3609.414771	1.345426	0.033207	10442.006836
3609.415637	0.863884	0.033207	11190.130859
3609.416672	0.106198	0.033207	11300.044922
3609.417695	0.098368	0.033207	11400.675781
3609.418590	0.098445	0.033207	11488.784180
3609.419543	0.098503	0.033207	11582.658203
3609.420609	0.098390	0.033207	11687.541992
3609.421540	0.098423	0.033207	11779.173828
3609.422408	0.098423	0.033207	11864.604492
3609.423467	0.098525	0.033207	11968.943359
3609.424469	0.098401	0.033207	12067.541016
3609.425361	0.098390	0.033207	12155.304687
3610.446632	1.134609	0.042500	608.150696
3610.447660	1.569185	0.042500	2221.272461
3610.448545	1.545721	0.042500	3589.235840
3610.449416	1.506368	0.042500	4901.282715
3610.450456	1.460665	0.042500	6420.374512
3610.451402	1.421437	0.042500	7765.053711
3610.452286	1.385826	0.042500	8990.124023
3610.453238	1.349791	0.042500	10275.125000
3610.454283	0.786365	0.042500	11096.875977
3610.455183	0.107391	0.042500	11193.528320
3610.456044	0.098401	0.042500	11278.251953
3610.457115	0.098489	0.042500	11383.733398
3610.458047	0.098463	0.042500	11475.500977
3610.458927	0.098386	0.042500	11562.081055
3610.459884	0.098463	0.042500	11656.310547
3610.460912	0.098423	0.042500	11757.489258
3610.461798	0.098302	0.042500	11844.584961
3610.462655	0.098489	0.042500	11928.990234
3610.463679	0.098419	0.042500	12029.771484
3611.463200	1.156450	0.032760	589.789551
3611.464214	1.569012	0.032760	2180.768066
3611.465111	1.546384	0.032760	3567.874756
3611.466074	1.503999	0.032760	5016.225586
3611.467136	1.456805	0.032760	6563.353027
3611.468059	1.418408	0.032760	7872.543945
3611.468935	1.382498	0.032760	9083.611328
3611.470020	1.342148	0.032760	10539.842773
3611.471020	0.577998	0.032760	11117.840820
3611.471917	0.101107	0.032760	11208.534180
3611.472907	0.098416	0.032760	11305.965820
3611.473959	0.098463	0.032760	11409.548828
3611.474859	0.098350	0.032760	11498.063477
3611.475721	0.098287	0.032760	11582.787109
3611.476800	0.098470	0.032760	11689.037109
3611.477767	0.098445	0.032760	11784.233398
3611.478636	0.098353	0.032760	11869.702148
3611.479647	0.098412	0.032760	11969.196289
3611.480685	0.098430	0.032760	12071.367187
3612.502534	1.105518	0.042383	550.547791
3612.503586	1.568046	0.042383	2200.131836
3612.504525	1.543975	0.042383	3649.923828
3612.505391	1.504629	0.042383	4952.932617
3612.506457	1.458391	0.042383	6507.577637
3612.507474	1.415878	0.042383	7947.525391
3612.508359	1.380648	0.042383	9169.399414
3612.509339	1.344221	0.042383	10486.736328
3612.510402	0.581287	0.042383	11104.643555
3612.511318	0.100492	0.042383	11196.694336
3612.512174	0.098416	0.042383	11280.938477
3612.513221	0.098437	0.042383	11384.002930
3612.514218	0.098492	0.042383	11482.200195
3612.515108	0.098533	0.042383	11569.894531
3612.516093	0.098470	0.042383	11666.887695
3612.517149	0.098503	0.042383	11770.907227
3612.518057	0.098408	0.042383	11860.261719
3612.518921	0.098478	0.042383	11945.346680
3612.520013	0.098551	0.042383	12052.964844
3613.518781	1.068897	0.032337	455.349915
3613.519771	1.562098	0.032337	2001.827393
3613.520776	1.546608	0.032337	3556.167969
3613.521674	1.506789	0.032337	4909.264648
3613.522537	1.466682	0.032337	6175.011230
3613.523653	1.422100	0.032337	7762.074219
3613.524576	1.384501	0.032337	9039.968750
3613.525463	1.350831	0.032337	10238.156250
3613.526469	0.868894	0.032337	11112.263672
3613.527459	0.106886	0.032337	11218.081055
3613.528346	0.098383	0.032337	11305.346680
3613.529206	0.098357	0.032337	11389.933594
3613.530287	0.098555	0.032337	11496.471680
3613.531195	0.098342	0.032337	11585.766602
3613.532062	0.098511	0.032337	11671.175781
3613.533028	0.098522	0.032337	11766.347656
3613.534046	0.098416	0.032337	11866.534180
3613.534940	0.098372	0.032337	11954.478516
3613.535802	0.098500	0.032337	12039.385742
3614.558147	1.069479	0.042778	456.667419
3614.559124	1.561033	0.042778	1981.796387
3614.560179	1.545223	0.042778	3612.007324
3614.561104	1.503856	0.042778	5003.074219
3614.561968	1.464163	0.042778	6268.110840
3614.563047	1.420463	0.042778	7800.790039
3614.564051	1.380385	0.042778	9186.696289
3614.564934	1.346781	0.042778	10375.904297
3614.565943	0.749399	0.042778	11132.047852
3614.566987	0.101733	0.042778	11238.257812
3614.567867	0.098346	0.042778	11324.801758
3614.568731	0.098441	0.042778	11409.854492
3614.569830	0.098489	0.042778	11518.093750
3614.570801	0.098291	0.042778	11613.534180
3614.571668	0.098467	0.042778	11698.905273
3614.572719	0.098441	0.042778	11802.367187
3614.573756	0.098317	0.042778	11904.321289
3614.574644	0.098437	0.042778	11991.733398
3614.575543	0.098434	0.042778	12080.225586
3615.576084	1.144431	0.031873	573.360046
3615.577101	1.568998	0.031873	2169.030762
3615.578006	1.546267	0.031873	3568.402344
3615.578968	1.504146	0.031873	5015.390137
3615.580024	1.457241	0.031873	6554.236816
3615.580951	1.418489	0.031873	7869.175781
3615.581816	1.383190	0.031873	9065.634766
3615.582890	1.343159	0.031873	10508.187500
3615.583897	0.605918	0.031873	11118.346680
3615.584777	0.102052	0.031873	11208.152344
3615.585759	0.098342	0.031873	11304.724609
3615.586805	0.098408	0.031873	11407.659180
3615.587709	0.098394	0.031873	11496.607422
3615.588565	0.098335	0.031873	11580.782227
3615.589629	0.098434	0.031873	11685.515625
3615.590626	0.098394	0.031873	11783.614258
3615.591521	0.098276	0.031873	11871.571289
3615.592504	0.098386	0.031873	11968.285156
3615.593554	0.098445	0.031873	12071.652344
3616.615355	1.067483	0.041308	454.747681
3616.616393	1.565823	0.041308	2080.071777
3616.617355	1.546395	0.041308	3567.704102
3616.618238	1.507148	0.041308	4898.516113
3616.619163	1.465825	0.041308	6254.404297
3616.620230	1.422045	0.041308	7771.726074
3616.621130	1.385566	0.041308	9018.736328
3616.621998	1.352087	0.041308	10192.347656
3616.623045	0.863624	0.041308	11096.562500
3616.624025	0.108289	0.041308	11202.685547
3616.624908	0.098379	0.041308	11289.553711
3616.625832	0.098599	0.041308	11380.659180
3616.626879	0.098503	0.041308	11483.791992
3616.627762	0.098320	0.041308	11570.608398
3616.628620	0.098514	0.041308	11655.133789
3616.629639	0.098518	0.041308	11755.523437
3616.630606	0.098470	0.041308	11850.744141
3616.631483	0.098441	0.041308	11937.077148
3616.632352	0.098514	0.041308	12022.686523
