time (s)	det(V)
9262.536575	0.257842	
9262.538050	0.253656	
9262.539751	0.245680	
9262.541230	0.242353	
9262.542929	0.237160	
9262.544411	0.232205	
9262.546129	0.225857	
9262.547627	0.221414	
9262.549319	0.216108	
9262.550816	0.209329	
9262.552491	0.204229	
9262.553989	0.199967	
9262.555627	0.194134	
9262.557164	0.187914	
9262.558781	0.184220	
9262.560371	0.180228	
9262.561946	0.173223	
9262.563549	0.168240	
9262.565107	0.165831	
9262.566745	0.158745	
9262.568231	0.153863	
9262.569936	0.149834	
9262.571409	0.147869	
9262.573128	0.140219	
9262.574604	0.138334	
9262.576319	0.135820	
9262.577812	0.131892	
9262.579511	0.126817	
9262.581010	0.125886	
9262.582710	0.121958	
9262.584192	0.118136	
9262.585877	0.115280	
9262.587378	0.113406	
9262.589028	0.110792	
9262.590545	0.106917	
9262.592175	0.106953	
9262.593731	0.104729	
9262.595308	0.102292	
9262.596906	0.099915	
9262.598445	0.100971	
9262.600080	0.097941	
9262.601579	0.096266	
9262.603265	0.095255	
9262.604740	0.094731	
9262.606437	0.091371	
9262.607917	0.092298	
9262.609624	0.092600	
9262.611118	0.091653	
9262.612826	0.090191	
9262.614309	0.090324	
9262.616004	0.090090	
9262.617487	0.088048	
9262.619162	0.087669	
9262.620674	0.088443	
9262.622323	0.087790	
9262.623856	0.086151	
9262.625460	0.087383	
9262.627038	0.087951	
9262.628612	0.086698	
9262.630229	0.086674	
9262.631770	0.087988	
9262.633389	0.085869	
9262.634879	0.085059	
9262.636577	0.085373	
9262.638057	0.085293	
9262.639782	0.082884	
9262.641265	0.084560	
9262.642965	0.084946	
9262.644473	0.084547	
9262.646177	0.082416	
9262.647673	0.083335	
9262.649380	0.081965	
9262.650862	0.080664	
9262.652527	0.079339	
9262.654025	0.078960	
9262.655667	0.077276	
9262.657207	0.075359	
9262.658817	0.075471	
9262.660387	0.073188	
9262.661962	0.071935	
9262.663559	0.069961	
9262.665190	0.071169	
9262.666804	0.066710	
9262.668429	0.064841	
9262.670050	0.063161	
9262.671656	0.062009	
9262.673313	0.058190	
9262.674885	0.057807	
9262.676551	0.055906	
9262.678113	0.053706	
9262.679793	0.050754	
9262.681352	0.050448	
9262.683020	0.047241	
9262.684559	0.043797	
9262.686273	0.042339	
9262.687785	0.041162	
9262.689540	0.036820	
9262.691024	0.034983	
9262.692779	0.034068	
9262.694264	0.032397	
9262.696025	0.028928	
9262.697506	0.027772	
9262.699288	0.026249	
9262.700783	0.022463	
9262.702541	0.020255	
9262.704046	0.018559	
9262.705769	0.016948	
9262.707288	0.014302	
9262.709006	0.013758	
9262.710538	0.012070	
9262.712237	0.006801	
9262.713787	0.004916	
9262.715478	0.004424	
9262.717051	0.001020	
9262.718712	-0.000519	
9262.720296	-0.001022	
9262.721934	-0.002658	
9262.723525	-0.005683	
9262.725159	-0.005345	
9262.726770	-0.006448	
9262.728383	-0.008450	
9262.730034	-0.010630	
9262.731633	-0.009022	
9262.733292	-0.012326	
9262.734871	-0.013224	
9262.736514	-0.013711	
9262.738089	-0.012882	
9262.739795	-0.016048	
9262.741342	-0.014654	
9262.743035	-0.014396	
9262.744565	-0.014739	
9262.746263	-0.015540	
9262.747765	-0.013687	
9262.749518	-0.014731	
9262.751010	-0.015343	
9262.752803	-0.015182	
9262.754283	-0.013748	
9262.756060	-0.014831	
9262.757545	-0.013981	
9262.759314	-0.011943	
9262.760788	-0.011794	
9262.762537	-0.012724	
9262.764037	-0.011536	
9262.765780	-0.010114	
9262.767302	-0.011750	
9262.769033	-0.011311	
9262.770553	-0.009510	
9262.772254	-0.009788	
9262.773803	-0.010763	
9262.775499	-0.008406	
9262.777059	-0.008785	
9262.778719	-0.009135	
9262.780289	-0.008873	
9262.781941	-0.006900	
9262.783545	-0.009204	
9262.785195	-0.010251	
9262.786790	-0.009151	
9262.788413	-0.009228	
9262.790042	-0.012011	
9262.791631	-0.010187	
9262.793299	-0.011282	
9262.794870	-0.012152	
9262.796551	-0.013369	
9262.798121	-0.012652	
9262.799788	-0.015669	
9262.801343	-0.016958	
9262.803028	-0.017422	
9262.804580	-0.017788	
9262.806287	-0.021115	
9262.807790	-0.021212	
9262.809531	-0.021849	
9262.811021	-0.023669	
9262.812784	-0.026389	
9262.814263	-0.027508	
9262.816017	-0.029257	
9262.817494	-0.032193	
9262.819247	-0.034478	
9262.820754	-0.035859	
9262.822515	-0.038578	
9262.824020	-0.041821	
9262.825732	-0.042695	
9262.827250	-0.045233	
9262.828971	-0.048528	
9262.830498	-0.051320	
9262.832176	-0.053044	
9262.833734	-0.056907	
9262.835399	-0.060436	
9262.836973	-0.061987	
9262.838619	-0.065600	
9262.840205	-0.069975	
9262.841844	-0.070736	
9262.843448	-0.073460	
9262.845078	-0.076908	
9262.846703	-0.080291	
9262.848309	-0.080851	
9262.849971	-0.085532	
9262.851566	-0.088908	
9262.853206	-0.091784	
9262.854788	-0.093090	
9262.856464	-0.097835	
9262.858022	-0.098761	
9262.859736	-0.100727	
9262.861274	-0.103724	
9262.862980	-0.106524	
9262.864508	-0.107906	
9262.866257	-0.111189	
9262.867760	-0.114403	
9262.869496	-0.116655	
9262.870990	-0.117916	
9262.872779	-0.120627	
9262.874259	-0.122258	
9262.876037	-0.122798	
9262.877519	-0.124289	
9262.879267	-0.126835	
9262.880756	-0.127890	
9262.882499	-0.128382	
9262.884008	-0.131379	
9262.885747	-0.132426	
9262.887274	-0.132543	
9262.889004	-0.133937	
9262.890538	-0.135939	
9262.892247	-0.135528	
9262.893786	-0.136176	
9262.895489	-0.137582	
9262.897045	-0.137852	
9262.898730	-0.137401	
9262.900304	-0.140120	
9262.901971	-0.140934	
9262.903549	-0.140587	
9262.905202	-0.141260	
9262.906792	-0.143451	
9262.908421	-0.142062	
9262.910031	-0.142602	
9262.911647	-0.143774	
9262.913313	-0.145039	
9262.914889	-0.143991	
9262.916567	-0.146271	
9262.918161	-0.147959	
9262.919835	-0.148882	
9262.921411	-0.149168	
9262.923116	-0.152930	
9262.924664	-0.152620	
9262.926369	-0.153982	
9262.927911	-0.155919	
9262.929626	-0.158771	
9262.931156	-0.159033	
9262.932887	-0.162872	
9262.934377	-0.166107	
9262.936151	-0.169080	
9262.937636	-0.170647	
9262.939409	-0.175517	
9262.940892	-0.178494	
9262.942679	-0.180867	
9262.944158	-0.184907	
9262.945924	-0.189648	
9262.947420	-0.193278	
9262.949166	-0.197298	
9262.950673	-0.203490	
9262.952444	-0.208457	
9262.953965	-0.212469	
9262.955698	-0.218205	
9262.957214	-0.224538	
9262.958904	-0.228091	
9262.960449	-0.233424	
9262.962131	-0.240546	
9262.963697	-0.246617	
9262.965377	-0.251173	
9262.966956	-0.259604	
9262.968621	-0.266118	
9262.970204	-0.271351	
9262.971857	-0.278030	
9262.973464	-0.286501	
9262.975095	-0.291327	
9262.976723	-0.297974	
9262.978329	-0.304758	
9262.979998	-0.312564	
9262.981599	-0.316766	
9262.983245	-0.326003	
9262.984853	-0.333105	
9262.986540	-0.338978	
9262.988119	-0.344259	
9262.989820	-0.353641	
9262.991371	-0.357424	
9262.993088	-0.362765	
9262.994647	-0.368792	
9262.996324	-0.375813	
9262.997868	-0.379306	
9262.999579	-0.385304	
9263.001092	-0.390887	
9263.002865	-0.395294	
9263.004342	-0.399073	
9263.006116	-0.404265	
9263.007603	-0.407822	
9263.009368	-0.409619	
9263.010855	-0.413011	
9263.012628	-0.416697	
9263.014115	-0.418284	
9263.015905	-0.419383	
9263.017401	-0.420971	
9263.019139	-0.421712	
9263.020653	-0.422131	
9263.022398	-0.423118	
9263.023910	-0.423943	
9263.025637	-0.423283	
9263.027179	-0.423392	
9263.028914	-0.424125	
9263.030454	-0.424528	
9263.032148	-0.422844	
9263.033704	-0.424439	
9263.035376	-0.423891	
9263.036944	-0.422787	
9263.038607	-0.422401	
9263.040201	-0.422993	
9263.041832	-0.421281	
9263.043442	-0.420672	
9263.045093	-0.420366	
9263.046699	-0.420052	
9263.048315	-0.418094	
9263.049980	-0.418429	
9263.051577	-0.417639	
9263.053248	-0.416600	
9263.054831	-0.414497	
9263.056518	-0.416080	
9263.058099	-0.413091	
9263.059781	-0.411621	
9263.061343	-0.411198	
9263.063047	-0.411689	
9263.064601	-0.409599	
9263.066305	-0.410122	
9263.067844	-0.410735	
9263.069564	-0.410376	
9263.071057	-0.409462	
9263.072813	-0.411214	
9263.074291	-0.411403	
9263.076059	-0.410340	
9263.077552	-0.411254	
9263.079338	-0.412809	
9263.080817	-0.413639	
9263.082579	-0.414594	
9263.084069	-0.417285	
9263.085809	-0.418111	
9263.087315	-0.418320	
9263.089057	-0.419678	
9263.090575	-0.421104	
9263.092283	-0.420999	
9263.093820	-0.422030	
9263.095524	-0.423412	
9263.097073	-0.424701	
9263.098758	-0.424572	
9263.100331	-0.427738	
9263.102007	-0.429007	
9263.103581	-0.428995	
9263.105231	-0.430248	
9263.106826	-0.432778	
9263.108472	-0.430711	
9263.110069	-0.430582	
9263.111698	-0.431388	
9263.113317	-0.431243	
9263.114929	-0.428620	
9263.116597	-0.430067	
9263.118188	-0.429313	
9263.119874	-0.427227	
9263.121445	-0.425216	
9263.123141	-0.425156	
9263.124719	-0.422642	
9263.126407	-0.421168	
9263.127966	-0.419943	
9263.129700	-0.418824	
9263.131233	-0.414509	
9263.132945	-0.412153	
9263.134464	-0.410291	
9263.136209	-0.405441	
9263.137687	-0.400503	
9263.139452	-0.397252	
9263.140943	-0.391866	
9263.142729	-0.384599	
9263.144206	-0.379999	
9263.145980	-0.374004	
9263.147458	-0.367998	
9263.149220	-0.360727	
9263.150713	-0.355966	
9263.152464	-0.348747	
9263.153972	-0.341423	
9263.155703	-0.334394	
9263.157235	-0.329000	
9263.158964	-0.319787	
9263.160499	-0.312512	
9263.162209	-0.305938	
9263.163760	-0.299291	
9263.165456	-0.290167	
9263.167021	-0.285571	
9263.168705	-0.278561	
9263.170281	-0.270050	
9263.171951	-0.262899	
9263.173539	-0.258230	
9263.175179	-0.249396	
9263.176763	-0.242492	
9263.178417	-0.237219	
9263.180040	-0.231051	
9263.181652	-0.222544	
9263.183306	-0.218572	
9263.184888	-0.213657	
9263.186557	-0.207107	
9263.188154	-0.201262	
9263.189819	-0.198241	
9263.191389	-0.191429	
9263.193081	-0.186115	
9263.194610	-0.181850	
9263.196322	-0.178208	
9263.197866	-0.172355	
9263.199589	-0.169696	
9263.201111	-0.166151	
9263.202849	-0.162211	
9263.204343	-0.157877	
9263.206130	-0.155625	
9263.207616	-0.151307	
9263.209408	-0.146739	
9263.210892	-0.143802	
9263.212691	-0.141719	
9263.214174	-0.137594	
9263.215942	-0.134122	
9263.217417	-0.132567	
9263.219171	-0.129373	
9263.220689	-0.125554	
9263.222443	-0.122959	
9263.223945	-0.121368	
9263.225665	-0.116414	
9263.227192	-0.113835	
9263.228906	-0.111869	
9263.230438	-0.109702	
9263.232139	-0.105408	
9263.233703	-0.104429	
9263.235394	-0.101762	
9263.236952	-0.098580	
9263.238626	-0.096119	
9263.240196	-0.095075	
9263.241830	-0.090100	
9263.243433	-0.087256	
9263.245047	-0.085339	
9263.246662	-0.082757	
9263.248252	-0.076606	
9263.249918	-0.075594	
9263.251508	-0.072452	
9263.253164	-0.068424	
9263.254750	-0.063804	
9263.256432	-0.061886	
9263.258000	-0.056323	
9263.259700	-0.051264	
9263.261244	-0.047851	
9263.262958	-0.043859	
9263.264502	-0.038280	
9263.266216	-0.034981	
9263.267724	-0.031259	
9263.269478	-0.026159	
9263.270972	-0.020294	
9263.272754	-0.016849	
9263.274235	-0.011290	
9263.276006	-0.003608	
9263.277492	0.001097	
9263.279255	0.006056	
9263.280739	0.010886	
9263.282484	0.017174	
9263.283985	0.020147	
9263.285715	0.026024	
9263.287239	0.032054	
9263.288948	0.038451	
9263.290484	0.042637	
9263.292191	0.050182	
9263.293735	0.054988	
9263.295410	0.057811	
9263.296965	0.062138	
9263.298607	0.068233	
9263.300193	0.070126	
9263.301842	0.074134	
9263.303443	0.078432	
9263.305066	0.082912	
9263.306677	0.085724	
9263.308289	0.091480	
9263.309959	0.095964	
9263.311533	0.098852	
9263.313207	0.101680	
9263.314784	0.107940	
9263.316480	0.108830	
9263.318050	0.111614	
9263.319743	0.115074	
9263.321295	0.119143	
9263.323019	0.120166	
9263.324560	0.124577	
9263.326281	0.128517	
9263.327818	0.131578	
9263.329550	0.133064	
9263.331060	0.137048	
9263.332796	0.138873	
9263.334280	0.139973	
9263.336043	0.143437	
9263.337536	0.145492	
9263.339326	0.147752	
9263.340802	0.149178	
9263.342585	0.153395	
9263.344065	0.155756	
9263.345823	0.157045	
9263.347322	0.159603	
9263.349080	0.162012	
9263.350604	0.164284	
9263.352327	0.166161	
9263.353850	0.170214	
9263.355558	0.172502	
9263.357092	0.173630	
9263.358776	0.179092	
9263.360329	0.182758	
9263.362009	0.184208	
9263.363583	0.187914	
9263.365245	0.192800	
9263.366842	0.194335	
9263.368485	0.197812	
9263.370084	0.203077	
9263.371703	0.207766	
9263.373312	0.210730	
9263.374930	0.217289	
9263.376615	0.222396	
9263.378199	0.226437	
9263.379879	0.231368	
9263.381470	0.238937	
9263.383128	0.242095	
9263.384703	0.247195	
9263.386381	0.253495	
9263.387945	0.260279	
9263.389649	0.263727	
9263.391201	0.270853	
9263.392909	0.278152	
9263.394429	0.284267	
9263.396162	0.289689	
9263.397646	0.296594	
9263.399423	0.303313	
9263.400917	0.307829	
9263.402712	0.314867	
9263.404189	0.320273	
9263.405953	0.326943	
9263.407435	0.331902	
9263.409173	0.339161	
9263.410670	0.345486	
9263.412412	0.349986	
9263.413932	0.355093	
9263.415691	0.362445	
9263.417212	0.364729	
9263.418936	0.369205	
9263.420465	0.375138	
9263.422163	0.379513	
9263.423706	0.382434	
9263.425410	0.389971	
9263.426960	0.393157	
9263.428642	0.395558	
9263.430230	0.398909	
9263.431887	0.403429	
9263.433478	0.403687	
9263.435121	0.404493	
9263.436713	0.405894	
9263.438349	0.406660	
9263.439981	0.406338	
9263.441582	0.407659	
9263.443249	0.408505	
9263.444829	0.407691	
9263.446486	0.407623	
9263.448060	0.408831	
9263.449727	0.406934	
9263.451291	0.406438	
9263.453016	0.406273	
9263.454557	0.406406	
9263.456272	0.405016	
9263.457821	0.404839	
9263.459532	0.403719	
9263.461042	0.401947	
9263.462786	0.399727	
9263.464269	0.399067	
9263.466045	0.395522	
9263.467535	0.390672	
9263.469333	0.388951	
9263.470812	0.388279	
9263.472610	0.384097	
9263.474087	0.381725	
9263.475845	0.380806	
9263.477335	0.378981	
9263.479050	0.375066	
9263.480571	0.372729	
9263.482322	0.372403	
9263.483850	0.368600	
9263.485360	0.367678	
9263.486956	0.366808	
9263.488454	0.364451	
9263.490015	0.361756	
9263.491530	0.362167	
9263.493094	0.361937	
9263.494605	0.361434	
9263.496137	0.359069	
9263.497671	0.360109	
9263.499235	0.359935	
9263.500787	0.357676	
9263.502277	0.357261	
9263.503842	0.359093	
9263.505364	0.359045	
9263.506962	0.357986	
9263.508459	0.359831	
9263.510030	0.361313	
9263.511557	0.360838	
9263.513137	0.361579	
9263.514636	0.364101	
9263.516257	0.363638	
9263.517759	0.363234	
9263.519317	0.365253	
9263.520828	0.366397	
9263.522312	0.367005	
9263.523912	0.367670	
9263.525412	0.369571	
9263.527011	0.370232	
9263.528504	0.370155	
9263.530160	0.370699	
9263.531662	0.373555	
9263.533317	0.371976	
9263.534813	0.372194	
9263.536446	0.373043	
9263.537935	0.374623	
9263.539500	0.372282	
9263.540999	0.373100	
9263.542621	0.373620	
9263.544122	0.373362	
9263.545742	0.371593	
9263.547250	0.370119	
9263.548826	0.370345	
9263.550412	0.366763	
9263.551910	0.365301	
9263.553576	0.363376	
9263.555063	0.361345	
9263.556687	0.356636	
9263.558224	0.356294	
9263.559866	0.353546	
9263.561345	0.349828	
9263.563002	0.345293	
9263.564475	0.343762	
9263.566107	0.338867	
9263.567584	0.332861	
9263.569215	0.329086	
9263.570704	0.326122	
9263.572302	0.320180	
9263.573847	0.313872	
9263.575398	0.310633	
9263.577016	0.304751	
9263.578498	0.298640	
9263.580152	0.293758	
9263.581651	0.289202	
9263.583305	0.282040	
9263.584801	0.275079	
9263.586452	0.269971	
9263.587927	0.265455	
9263.589562	0.255924	
9263.591043	0.251880	
9263.592688	0.247279	
9263.594187	0.241720	
9263.595804	0.234514	
9263.597321	0.229192	
9263.598885	0.224548	
9263.600431	0.217119	
9263.601943	0.211431	
9263.603576	0.206589	
9263.605070	0.202360	
9263.606699	0.194557	
9263.608224	0.191624	
9263.609849	0.186573	
9263.611327	0.181831	
9263.612982	0.175761	
9263.614469	0.174411	
9263.616105	0.168768	
9263.617600	0.163555	
9263.619233	0.160308	
9263.620740	0.157867	
9263.622341	0.153573	
9263.623860	0.148658	
9263.625417	0.147925	
9263.627009	0.144714	
9263.628493	0.141177	
9263.630138	0.138962	
9263.631637	0.138833	
9263.633291	0.134607	
9263.634790	0.131977	
9263.636440	0.131087	
9263.637922	0.130946	
9263.639578	0.126313	
9263.641059	0.126784	
9263.642689	0.126905	
9263.644167	0.125499	
9263.645786	0.123320	
9263.647290	0.125060	
9263.648861	0.124754	
9263.650415	0.122325	
9263.651926	0.122450	
9263.653569	0.122792	
9263.655050	0.121991	
9263.656678	0.120520	
9263.658194	0.122184	
9263.659828	0.122877	
9263.661310	0.121427	
9263.662953	0.121024	
9263.664433	0.123110	
9263.666057	0.122494	
9263.667537	0.120891	
9263.669173	0.120710	
9263.670691	0.121435	
9263.672263	0.121749	
9263.673808	0.120085	
9263.675342	0.122083	
9263.676947	0.121354	
9263.678433	0.119912	
9263.680079	0.119259	
9263.681599	0.120915	
9263.683239	0.117515	
9263.684719	0.115658	
9263.686365	0.115477	
9263.687844	0.114317	
9263.689483	0.112166	
9263.690964	0.111223	
9263.692604	0.110417	
9263.694118	0.109060	
9263.695720	0.106268	
9263.697238	0.104842	
9263.698797	0.103404	
9263.700395	0.099923	
9263.701898	0.096556	
9263.703548	0.095102	
9263.705040	0.092983	
9263.706672	0.088334	
9263.708177	0.086682	
9263.709848	0.084302	
9263.711339	0.081881	
9263.712991	0.077248	
9263.714460	0.075596	
9263.716094	0.071689	
9263.717576	0.067794	
9263.719216	0.064611	
9263.720692	0.061799	
9263.722295	0.056820	
9263.723831	0.053811	
9263.725467	0.051640	
9263.727010	0.046955	
9263.728598	0.043567	
9263.730183	0.040135	
9263.731739	0.037875	
9263.733346	0.031639	
9263.734858	0.028787	
9263.736536	0.025206	
9263.738010	0.023462	
9263.739701	0.017887	
9263.741175	0.015365	
9263.742884	0.012815	
9263.744365	0.009943	
9263.746052	0.005496	
9263.747552	0.003163	
9263.749258	-0.001880	
9263.750738	-0.006746	
9263.752421	-0.010299	
9263.753915	-0.011717	
9263.755560	-0.015681	
9263.757087	-0.018819	
9263.758705	-0.019448	
9263.760272	-0.021329	
9263.761839	-0.024350	
9263.763441	-0.026316	
9263.764978	-0.026256	
9263.766613	-0.029490	
9263.768094	-0.031972	
9263.769806	-0.032032	
9263.771285	-0.032777	
9263.772993	-0.035775	
9263.774467	-0.035593	
9263.776159	-0.035907	
9263.777641	-0.036516	
9263.779331	-0.037954	
9263.780827	-0.037668	
9263.782539	-0.037913	
9263.784019	-0.039601	
9263.785696	-0.039863	
9263.787203	-0.038433	
9263.788843	-0.039388	
9263.790373	-0.040077	
9263.791977	-0.038300	
9263.793563	-0.037966	
9263.795124	-0.038280	
9263.796730	-0.038296	
9263.798272	-0.036141	
9263.799931	-0.037676	
9263.801423	-0.037603	
9263.803121	-0.036629	
9263.804596	-0.036069	
9263.806307	-0.037458	
9263.807780	-0.035907	
9263.809472	-0.034856	
9263.810964	-0.034614	
9263.812658	-0.035215	
9263.814156	-0.034776	
9263.815866	-0.035122	
9263.817342	-0.036250	
9263.819014	-0.036701	
9263.820526	-0.036347	
9263.822171	-0.037374	
9263.823715	-0.038856	
9263.825323	-0.038208	
9263.826899	-0.038631	
9263.828465	-0.040552	
9263.830082	-0.042252	
9263.831614	-0.041330	
9263.833257	-0.045370	
9263.834731	-0.047122	
9263.836450	-0.048681	
9263.837924	-0.049467	
9263.839630	-0.054039	
9263.841103	-0.054434	
9263.842816	-0.056714	
9263.844311	-0.059175	
9263.846022	-0.062913	
9263.847511	-0.065350	
9263.849207	-0.068891	
9263.850694	-0.073101	
9263.852371	-0.076376	
9263.853879	-0.079176	
9263.855512	-0.083172	
9263.857059	-0.088106	
9263.858668	-0.090459	
9263.860244	-0.094129	
9263.861810	-0.099064	
9263.863418	-0.103587	
9263.864955	-0.106141	
9263.866608	-0.113070	
9263.868095	-0.117344	
9263.869768	-0.121276	
9263.871255	-0.124764	
9263.872978	-0.132442	
9263.874459	-0.135129	
9263.876188	-0.138916	
9263.877673	-0.143903	
9263.879380	-0.149192	
9263.880866	-0.152556	
9263.882557	-0.157277	
9263.884039	-0.163569	
9263.885722	-0.167714	
9263.887232	-0.171436	
9263.888903	-0.175859	
9263.890434	-0.181563	
9263.892048	-0.183723	
9263.893612	-0.187453	
9263.895201	-0.192017	
9263.896799	-0.196134	
9263.898446	-0.198539	
9263.900044	-0.204162	
9263.901681	-0.207699	
9263.903277	-0.210354	
9263.904897	-0.213041	
9263.906576	-0.218024	
9263.908166	-0.218918	
9263.909841	-0.221118	
9263.911435	-0.224501	
9263.913100	-0.227788	
9263.914672	-0.227212	
9263.916345	-0.231144	
9263.917897	-0.233686	
9263.919618	-0.235350	
9263.921163	-0.235575	
9263.922881	-0.239515	
9263.924406	-0.239152	
9263.926148	-0.239374	
9263.927655	-0.240937	
9263.929408	-0.242516	
9263.930897	-0.242057	
9263.932679	-0.243108	
9263.934157	-0.245195	
9263.935935	-0.245988	
9263.937415	-0.245880	
9263.939179	-0.246597	
9263.940668	-0.247801	
9263.942417	-0.246991	
9263.943916	-0.247503	
9263.945673	-0.249159	
9263.947187	-0.249477	
9263.948913	-0.249457	
9263.950440	-0.251866	
9263.952147	-0.252816	
9263.953690	-0.253187	
9263.955391	-0.254396	
9263.956949	-0.256966	
9263.958642	-0.256603	
9263.960218	-0.257771	
9263.961879	-0.260539	
9263.963452	-0.262488	
9263.965105	-0.262859	
9263.966693	-0.267157	
9263.968340	-0.269574	
9263.969962	-0.271468	
9263.971576	-0.274171	
9263.973232	-0.279645	
9263.974814	-0.280930	
9263.976487	-0.283955	
9263.978083	-0.287388	
9263.979738	-0.292805	
9263.981307	-0.294119	
9263.983018	-0.300048	
9263.984563	-0.304987	
9263.986279	-0.309177	
9263.987821	-0.312879	
9263.989526	-0.320077	
9263.991053	-0.323566	
9263.992759	-0.327856	
9263.994247	-0.332992	
9263.996022	-0.339401	
9263.997511	-0.343450	
9263.999285	-0.349629	
9264.000770	-0.355756	
9264.002563	-0.361843	
9264.004039	-0.366044	
9264.005820	-0.372514	
9264.007306	-0.378101	
9264.009044	-0.382238	
9264.010552	-0.387032	
9264.012288	-0.393240	
9264.013808	-0.398493	
9264.015526	-0.402315	
9264.017061	-0.409127	
9264.018754	-0.413998	
9264.020305	-0.416511	
9264.021989	-0.419508	
9264.023562	-0.421941	
9264.025231	-0.423057	
9264.026823	-0.425229	
9264.028496	-0.429213	
9264.030079	-0.432226	
9264.031726	-0.432971	
9264.033317	-0.436858	
9264.034937	-0.439336	
9264.036570	-0.440133	
9264.038155	-0.440025	
9264.039813	-0.443622	
9264.041380	-0.442313	
9264.043060	-0.441829	
9264.044632	-0.441990	
9264.046288	-0.442204	
9264.047837	-0.440077	
9264.049542	-0.440222	
9264.051072	-0.439384	
9264.052788	-0.437390	
9264.054282	-0.435114	
9264.056065	-0.433817	
9264.057552	-0.430357	
9264.059336	-0.426215	
9264.060829	-0.423343	
9264.062597	-0.421909	
9264.064068	-0.420161	
9264.065859	-0.418195	
9264.067341	-0.416588	
9264.069087	-0.413027	
9264.070586	-0.408455	
9264.072307	-0.404519	
9264.073825	-0.401703	
9264.075570	-0.395492	
9264.077101	-0.391822	
9264.078823	-0.388494	
9264.080351	-0.384426	
9264.082037	-0.379024	
9264.083586	-0.377489	
9264.085241	-0.373392	
9264.086804	-0.368478	
9264.088454	-0.364087	
9264.090058	-0.361847	
9264.091707	-0.355937	
9264.093332	-0.351414	
9264.094963	-0.348356	
9264.096565	-0.345210	
9264.098179	-0.339518	
9264.099810	-0.338132	
9264.101399	-0.334950	
9264.103090	-0.331054	
9264.104655	-0.327751	
9264.106355	-0.327074	
9264.107923	-0.322410	
9264.109624	-0.318526	
9264.111168	-0.316146	
9264.112853	-0.314494	
9264.114381	-0.310470	
9264.116124	-0.309193	
9264.117611	-0.308065	
9264.119386	-0.305664	
9264.120870	-0.302369	
9264.122635	-0.301124	
9264.124122	-0.298775	
9264.125900	-0.295315	
9264.127387	-0.293027	
9264.129174	-0.291581	
9264.130650	-0.289748	
9264.132409	-0.286900	
9264.133907	-0.286683	
9264.135627	-0.284600	
9264.137147	-0.281095	
9264.138856	-0.280418	
9264.140374	-0.279484	
9264.142059	-0.275226	
9264.143624	-0.273087	
9264.145323	-0.271173	
9264.146888	-0.269095	
9264.148559	-0.264728	
9264.150126	-0.264499	
9264.151779	-0.261675	
9264.153373	-0.257614	
9264.155015	-0.254533	
9264.156638	-0.252845	
9264.158260	-0.247427	
9264.159886	-0.243974	
9264.161507	-0.240498	
9264.163142	-0.237307	
9264.164738	-0.231261	
9264.166403	-0.229339	
9264.167957	-0.226133	
9264.169653	-0.221291	
9264.171199	-0.216147	
9264.172900	-0.214193	
9264.174462	-0.208449	
9264.176167	-0.202640	
9264.177700	-0.199139	
9264.179449	-0.195445	
9264.180946	-0.188710	
9264.182695	-0.184698	
9264.184177	-0.181273	
9264.185949	-0.175751	
9264.187431	-0.170095	
9264.189212	-0.165329	
9264.190688	-0.161035	
9264.192448	-0.154388	
9264.193957	-0.149071	
9264.195715	-0.144688	
9264.197218	-0.140019	
9264.198945	-0.133276	
9264.200463	-0.130597	
9264.202172	-0.126021	
9264.203705	-0.120655	
9264.205418	-0.116232	
9264.206959	-0.112949	
9264.208656	-0.106153	
9264.210225	-0.101839	
9264.211899	-0.098250	
9264.213469	-0.094620	
9264.215118	-0.087683	
9264.216711	-0.085992	
9264.218335	-0.082358	
9264.219947	-0.077073	
9264.221558	-0.073375	
9264.223210	-0.071868	
9264.224792	-0.066619	
9264.226431	-0.061886	
9264.228011	-0.058921	
9264.229680	-0.056589	
9264.231245	-0.050655	
9264.232963	-0.048899	
9264.234497	-0.046353	
9264.236213	-0.043291	
9264.237734	-0.038466	
9264.239453	-0.038288	
9264.240955	-0.034151	
9264.242686	-0.029760	
9264.244175	-0.026711	
9264.245951	-0.024963	
9264.247432	-0.020709	
9264.249213	-0.017816	
9264.250689	-0.016809	
9264.252431	-0.013466	
9264.253927	-0.009175	
9264.255666	-0.005884	
9264.257176	-0.003794	
9264.258911	0.001544	
9264.260444	0.004299	
9264.262152	0.007357	
9264.263695	0.010857	
9264.265387	0.016034	
9264.266935	0.017572	
9264.268606	0.020654	
9264.270183	0.025673	
9264.271841	0.028852	
9264.273428	0.030681	
9264.275055	0.037247	
9264.276666	0.042717	
9264.278291	0.045787	
9264.279899	0.048301	
9264.281509	0.055298	
9264.283153	0.057562	
9264.284741	0.060688	
9264.286415	0.065252	
9264.287973	0.070211	
9264.289669	0.072797	
9264.291221	0.078203	
9264.292908	0.083431	
9264.294463	0.087980	
9264.296161	0.092709	
9264.297698	0.098683	
9264.299425	0.103327	
9264.300919	0.106965	
9264.302704	0.112633	
9264.304187	0.118546	
9264.305971	0.121930	
9264.307457	0.127356	
9264.309255	0.133089	
9264.310746	0.138595	
9264.312532	0.143582	
9264.314009	0.147442	
9264.315793	0.154112	
9264.317275	0.157762	
9264.319025	0.163329	
9264.320524	0.168622	
9264.322243	0.174133	
9264.323761	0.177352	
9264.325500	0.185163	
9264.327039	0.188768	
9264.328761	0.193207	
9264.330305	0.196873	
9264.332004	0.204120	
9264.333562	0.207000	
9264.335246	0.210867	
9264.336807	0.216443	
9264.338453	0.220459	
9264.340046	0.222521	
9264.341709	0.228818	
9264.343303	0.232487	
9264.344928	0.235464	
9264.346539	0.237894	
9264.348165	0.244093	
9264.349821	0.245571	
9264.351404	0.248399	
9264.353092	0.252359	
9264.354664	0.255981	
9264.356347	0.256335	
9264.357912	0.260786	
9264.359604	0.263876	
9264.361155	0.265334	
9264.362848	0.267912	
9264.364391	0.272114	
9264.366106	0.274712	
9264.367595	0.276235	
9264.369377	0.279458	
9264.370859	0.282995	
9264.372609	0.284461	
9264.374098	0.287905	
9264.375869	0.292892	
9264.377351	0.295160	
9264.379147	0.298137	
9264.380619	0.300651	
9264.382388	0.306097	
9264.383883	0.307604	
9264.385626	0.311302	
9264.387143	0.315132	
9264.388893	0.319048	
9264.390422	0.320961	
9264.392144	0.327499	
9264.393683	0.330573	
9264.395360	0.333441	
9264.396910	0.337115	
9264.398592	0.342686	
9264.400159	0.345139	
9264.401835	0.349224	
9264.403419	0.355271	
9264.405056	0.358405	
9264.406646	0.361668	
9264.408289	0.366570	
9264.409891	0.371187	
9264.411509	0.374691	
9264.413167	0.378353	
9264.414755	0.384766	
9264.416431	0.387042	
9264.418012	0.390434	
9264.419711	0.395131	
9264.421286	0.399409	
9264.422965	0.401890	
9264.424532	0.405218	
9264.426232	0.407240	
9264.427772	0.408755	
9264.429485	0.410688	
9264.431005	0.415655	
9264.432733	0.417842	
9264.434212	0.419224	
9264.435978	0.421633	
9264.437460	0.425033	
9264.439247	0.425476	
9264.440736	0.427100	
9264.442519	0.429327	
9264.443998	0.429859	
9264.445767	0.428522	
9264.447256	0.429553	
9264.449005	0.428659	
9264.450507	0.425335	
9264.452244	0.423849	
9264.453764	0.422801	
9264.455501	0.419760	
9264.457023	0.415099	
9264.458744	0.414072	
9264.460296	0.410700	
9264.461988	0.406946	
9264.463547	0.404634	
9264.465236	0.402801	
9264.466804	0.396158	
9264.468446	0.391638	
9264.470040	0.386591	
9264.471678	0.380931	
9264.473274	0.373624	
9264.474897	0.368576	
9264.476526	0.362836	
9264.478127	0.356104	
9264.479787	0.347661	
9264.481365	0.344173	
9264.483046	0.336479	
9264.484622	0.328708	
9264.486315	0.322428	
9264.487889	0.318319	
9264.489586	0.309166	
9264.491150	0.304909	
9264.492859	0.300828	
9264.494397	0.294632	
9264.496115	0.287921	
9264.497616	0.285339	
9264.499384	0.279744	
9264.500862	0.274539	
9264.502642	0.269999	
9264.504133	0.267933	
9264.505920	0.262100	
9264.507393	0.259747	
9264.509177	0.257435	
9264.510650	0.255271	
9264.512406	0.251070	
9264.513903	0.249729	
9264.515645	0.247755	
9264.517153	0.243952	
9264.518888	0.242707	
9264.520416	0.242486	
9264.522148	0.241172	
9264.523690	0.238389	
9264.525397	0.240081	
9264.526935	0.239227	
9264.528608	0.237688	
9264.530175	0.237555	
9264.531854	0.239614	
9264.533445	0.237809	
9264.535124	0.237491	
9264.536705	0.238812	
9264.538350	0.239477	
9264.539937	0.238441	
9264.541554	0.240109	
9264.543175	0.241648	
9264.544784	0.241982	
9264.546459	0.241322	
9264.548054	0.244419	
9264.549730	0.242937	
9264.551316	0.241958	
9264.552981	0.243340	
9264.554563	0.244323	
9264.556277	0.240701	
9264.557833	0.242683	
9264.559555	0.242051	
9264.561096	0.242651	
9264.562807	0.240375	
9264.564332	0.241736	
9264.566043	0.239138	
9264.567543	0.236628	
9264.569329	0.235577	
9264.570806	0.236069	
9264.572613	0.232189	
9264.574096	0.231218	
9264.575880	0.229829	
9264.577359	0.227428	
9264.579133	0.224318	
9264.580612	0.222835	
9264.582358	0.220511	
9264.583866	0.216149	
9264.585632	0.213522	
9264.587142	0.211158	
9264.588870	0.207677	
9264.590393	0.203181	
9264.592110	0.202215	
9264.593647	0.198130	
9264.595326	0.193566	
9264.596883	0.189598	
9264.598559	0.186911	
9264.600119	0.181126	
9264.601796	0.176244	
9264.603382	0.173070	
9264.605034	0.168490	
9264.606620	0.162157	
9264.608257	0.159277	
9264.609873	0.155015	
9264.611488	0.149033	
9264.613153	0.143542	
9264.614748	0.140734	
9264.616404	0.134474	
9264.618003	0.128436	
9264.619678	0.123747	
9264.621252	0.119118	
9264.622960	0.110772	
9264.624521	0.107509	
9264.626226	0.102256	
9264.627791	0.096906	
9264.629489	0.089442	
9264.631027	0.086235	
9264.632717	0.079504	
9264.634209	0.073397	
9264.635987	0.068555	
9264.637467	0.063572	
9264.639253	0.057256	
9264.640735	0.052623	
9264.642499	0.049122	
9264.643980	0.043950	
9264.645736	0.038310	
9264.647235	0.033355	
9264.649011	0.029851	
9264.650510	0.024046	
9264.652255	0.019264	
9264.653773	0.016702	
9264.655490	0.011989	
9264.657013	0.006793	
9264.658694	0.002507	
9264.660237	-0.000575	
9264.661898	-0.005055	
9264.663476	-0.008910	
9264.665117	-0.010102	
9264.666703	-0.015286	
9264.668333	-0.018090	
9264.669923	-0.019166	
9264.671553	-0.020902	
9264.673184	-0.024938	
9264.674762	-0.024765	
9264.676408	-0.026324	
9264.677973	-0.027943	
9264.679666	-0.030062	
9264.681215	-0.028177	
9264.682901	-0.030969	
9264.684454	-0.032173	
9264.686141	-0.031569	
9264.687686	-0.030042	
9264.689413	-0.031235	
9264.690915	-0.029414	
9264.692683	-0.026812	
9264.694164	-0.025454	
9264.695918	-0.024838	
9264.697399	-0.022441	
9264.699168	-0.020918	
9264.700650	-0.020253	
9264.702420	-0.018501	
9264.703912	-0.016153	
9264.705657	-0.014545	
9264.707159	-0.013820	
9264.708892	-0.009993	
9264.710410	-0.008184	
9264.712130	-0.007919	
9264.713665	-0.006674	
9264.715346	-0.003729	
9264.716903	-0.005204	
9264.718592	-0.004152	
9264.720152	-0.002356	
9264.721817	-0.001973	
9264.723383	-0.003769	
9264.725032	-0.001308	
9264.726641	-0.001699	
9264.728260	-0.002803	
9264.729885	-0.003854	
9264.731484	-0.002783	
9264.733140	-0.005872	
9264.734746	-0.008785	
9264.736397	-0.009590	
9264.737986	-0.011319	
9264.739658	-0.016386	
9264.741204	-0.017349	
9264.742896	-0.019254	
9264.744430	-0.022501	
9264.746151	-0.027001	
9264.747695	-0.028169	
9264.749409	-0.033442	
9264.750925	-0.038188	
9264.752694	-0.042304	
9264.754176	-0.044935	
9264.755944	-0.051658	
9264.757428	-0.055393	
9264.759184	-0.059062	
9264.760664	-0.063924	
9264.762432	-0.070051	
9264.763911	-0.074608	
9264.765650	-0.079534	
9264.767171	-0.086004	
9264.768908	-0.091551	
9264.770417	-0.095378	
9264.772131	-0.101464	
9264.773662	-0.107914	
9264.775367	-0.111575	
9264.776911	-0.116566	
9264.778590	-0.122996	
9264.780150	-0.128478	
9264.781835	-0.131971	
9264.783421	-0.138960	
9264.785087	-0.144052	
9264.786682	-0.147718	
9264.788330	-0.152402	
9264.789930	-0.158747	
9264.791451	-0.160318	
9264.793043	-0.164060	
9264.794523	-0.168165	
9264.796094	-0.173301	
9264.797577	-0.173732	
9264.799138	-0.177136	
9264.800659	-0.181104	
9264.802151	-0.183533	
9264.803711	-0.184125	
9264.805237	-0.185628	
9264.806840	-0.188653	
9264.808343	-0.187602	
9264.809908	-0.187791	
9264.811431	-0.189374	
9264.813052	-0.188955	
9264.814537	-0.186325	
9264.816092	-0.186788	
9264.817591	-0.186635	
9264.819148	-0.183622	
9264.820682	-0.181036	
9264.822173	-0.178184	
9264.823755	-0.175904	
9264.825255	-0.170453	
9264.826849	-0.165913	
9264.828344	-0.162558	
9264.830005	-0.157531	
9264.831505	-0.149764	
9264.833165	-0.145607	
9264.834660	-0.139838	
9264.836322	-0.132321	
9264.837799	-0.124506	
9264.839375	-0.119721	
9264.840870	-0.110661	
9264.842448	-0.102234	
9264.843940	-0.093903	
9264.845539	-0.087369	
9264.847070	-0.079482	
9264.848599	-0.071981	
9264.850187	-0.068122	
9264.851682	-0.063320	
9264.853316	-0.056448	
9264.854832	-0.051505	
9264.856479	-0.047642	
9264.857959	-0.040749	
9264.859596	-0.034312	
9264.861065	-0.028391	
9264.862696	-0.023561	
9264.864186	-0.015399	
9264.865829	-0.010602	
9264.867309	-0.005941	
9264.868916	-0.000233	
9264.870449	0.005786	
9264.872011	0.010636	
9264.873615	0.014922	
9264.875096	0.022302	
9264.876744	0.027623	
9264.878234	0.032977	
9264.879838	0.041311	
9264.881346	0.048945	
9264.882972	0.052861	
9264.884444	0.058698	
9264.886081	0.064345	
9264.887558	0.070541	
9264.889176	0.074601	
9264.890654	0.080736	
9264.892242	0.087041	
9264.893778	0.092717	
9264.895315	0.096105	
9264.896915	0.101422	
9264.898396	0.107895	
9264.900076	0.109861	
9264.901570	0.114131	
9264.903199	0.118728	
9264.904728	0.123046	
9264.906359	0.124520	
9264.907844	0.129741	
9264.909472	0.133665	
9264.910957	0.136980	
9264.912615	0.139171	
9264.914103	0.142894	
9264.915735	0.145447	
9264.917246	0.146591	
9264.918817	0.149766	
9264.920347	0.153476	
9264.921886	0.155474	
9264.923501	0.157802	
9264.924991	0.162125	
9264.926615	0.164856	
9264.928134	0.166648	
9264.929778	0.169158	
9264.931272	0.173521	
9264.932919	0.174109	
9264.934406	0.176594	
9264.936039	0.178403	
9264.937535	0.180494	
9264.939181	0.181090	
9264.940664	0.183189	
9264.942284	0.185280	
9264.943794	0.186109	
9264.945364	0.184913	
9264.946921	0.185618	
9264.948419	0.185880	
9264.950076	0.184655	
9264.951570	0.184180	
9264.953198	0.184224	
9264.954716	0.183237	
9264.956346	0.180147	
9264.957827	0.180204	
9264.959481	0.179084	
9264.960962	0.177038	
9264.962598	0.173626	
9264.964083	0.174399	
9264.965713	0.171877	
9264.967211	0.168252	
9264.968792	0.166802	
9264.970333	0.165114	
9264.971864	0.163631	
9264.973493	0.159905	
9264.974971	0.160211	
9264.976589	0.158701	
9264.978106	0.156022	
9264.979754	0.154153	
9264.981237	0.154826	
9264.982866	0.152416	
9264.984339	0.149673	
9264.985972	0.148924	
9264.987453	0.148429	
9264.989102	0.146007	
9264.990590	0.145025	
9264.992165	0.144972	
9264.993710	0.143607	
9264.995253	0.141302	
9264.996841	0.141125	
9264.998435	0.142185	
9265.000040	0.140062	
9265.001602	0.138285	
9265.003218	0.138607	
9265.004736	0.138668	
9265.006419	0.136057	
9265.007906	0.137790	
9265.009620	0.138366	
9265.011096	0.137443	
9265.012826	0.136984	
9265.014306	0.138942	
9265.016031	0.138483	
9265.017514	0.137181	
9265.019225	0.139337	
9265.020712	0.139945	
9265.022406	0.139518	
9265.023895	0.140444	
9265.025564	0.142168	
9265.027085	0.142285	
9265.028721	0.141592	
9265.030266	0.140396	
9265.031892	0.141435	
9265.033458	0.138277	
9265.035062	0.135937	
9265.036665	0.134293	
9265.038222	0.131574	
9265.039860	0.126345	
9265.041366	0.124992	
9265.043062	0.121741	
9265.044539	0.117946	
9265.046249	0.112621	
9265.047722	0.111594	
9265.049411	0.105317	
9265.050888	0.100959	
9265.052570	0.096826	
9265.054058	0.093377	
9265.055746	0.087428	
9265.057234	0.083609	
9265.058883	0.080430	
9265.060405	0.075681	
9265.062039	0.070674	
9265.063573	0.065755	
9265.065180	0.060998	
9265.066749	0.054569	
9265.068330	0.049453	
9265.069940	0.046323	
9265.071475	0.040663	
9265.073115	0.034226	
9265.074589	0.031019	
9265.076290	0.027220	
9265.077764	0.022834	
9265.079495	0.017190	
9265.080969	0.015542	
9265.082663	0.011135	
9265.084144	0.007292	
9265.085840	0.003421	
9265.087321	0.002333	
9265.089006	-0.000821	
9265.090504	-0.006142	
9265.092154	-0.006154	
9265.093684	-0.007637	
9265.095303	-0.010211	
9265.096862	-0.011041	
9265.098464	-0.009526	
9265.100040	-0.012386	
9265.101603	-0.012277	
9265.103209	-0.010364	
9265.104738	-0.009607	
9265.106398	-0.011556	
9265.107868	-0.008305	
9265.109583	-0.006473	
9265.111059	-0.005478	
9265.112772	-0.005139	
9265.114255	-0.001626	
9265.115953	-0.001385	
9265.117435	-0.001010	
9265.119133	0.000923	
9265.120616	0.002934	
9265.122292	0.004166	
9265.123807	0.005435	
9265.125424	0.008533	
9265.126956	0.009613	
9265.128573	0.010559	
9265.130132	0.012074	
9265.131713	0.015023	
9265.133306	0.014430	
9265.134841	0.016038	
9265.136481	0.019643	
9265.137972	0.024175	
9265.139675	0.028663	
9265.141148	0.038741	
9265.142878	0.050194	
9265.144419	0.060458	
9265.146108	0.070247	
9265.147589	0.082364	
9265.149279	0.092294	
9265.150761	0.101482	
9265.152529	0.112153	
9265.154024	0.123187	
9265.155803	0.132823	
9265.157284	0.140199	
9265.159067	0.148864	
9265.160549	0.153625	
9265.162321	0.156505	
9265.163822	0.157250	
9265.165564	0.156799	
9265.167085	0.151192	
9265.168822	0.145020	
9265.170350	0.137665	
9265.172051	0.125564	
9265.173587	0.111400	
9265.175274	0.097660	
9265.176821	0.082211	
9265.178491	0.062085	
9265.180065	0.042999	
9265.181710	0.024082	
9265.183312	0.001000	
9265.184952	-0.025132	
9265.186557	-0.045741	
9265.188168	-0.067490	
9265.189784	-0.090878	
9265.191408	-0.110298	
9265.193077	-0.131238	
9265.194661	-0.151456	
9265.196332	-0.171283	
9265.197901	-0.186913	
9265.199596	-0.206692	
9265.201175	-0.222632	
9265.202865	-0.237944	
9265.204421	-0.250774	
9265.206113	-0.267427	
9265.207649	-0.280157	
9265.209388	-0.295364	
9265.210898	-0.311638	
9265.212631	-0.330543	
9265.214107	-0.343067	
9265.215879	-0.359486	
9265.217362	-0.372897	
9265.219130	-0.386996	
9265.220621	-0.398416	
9265.222405	-0.412668	
9265.223888	-0.421160	
9265.225645	-0.429724	
9265.227145	-0.440137	
9265.228880	-0.450466	
9265.230395	-0.457242	
9265.232119	-0.462076	
9265.233655	-0.467179	
9265.235368	-0.468195	
9265.236915	-0.467083	
9265.238614	-0.465496	
9265.240164	-0.463071	
9265.241849	-0.456408	
9265.243420	-0.449688	
9265.245090	-0.442627	
9265.246688	-0.434566	
9265.248327	-0.424097	
9265.249929	-0.419851	
9265.251565	-0.411250	
9265.253171	-0.399903	
9265.254798	-0.388659	
9265.256450	-0.379854	
9265.258052	-0.368429	
9265.259725	-0.358475	
9265.261296	-0.350958	
9265.262982	-0.341903	
9265.264566	-0.330491	
9265.266240	-0.322244	
9265.267833	-0.311690	
9265.269529	-0.298449	
9265.271086	-0.284125	
9265.272801	-0.270678	
9265.274346	-0.252389	
9265.276071	-0.232626	
9265.277610	-0.212956	
9265.279314	-0.191533	
9265.280804	-0.167045	
9265.282567	-0.141683	
9265.284058	-0.117956	
9265.285837	-0.089041	
9265.287317	-0.062281	
9265.289098	-0.034506	
9265.290571	-0.008527	
9265.292333	0.021295	
9265.293826	0.046935	
9265.295554	0.070859	
9265.297061	0.090787	
9265.298782	0.112194	
9265.300316	0.126418	
9265.302026	0.142334	
9265.303573	0.155228	
9265.305262	0.166342	
9265.306814	0.172933	
9265.308499	0.181372	
9265.310065	0.186726	
9265.311742	0.189244	
9265.313331	0.191241	
9265.314986	0.194275	
9265.316573	0.192563	
9265.318207	0.192470	
9265.319810	0.192905	
9265.321432	0.192780	
9265.323113	0.191189	
9265.324700	0.191668	
9265.326361	0.191121	
9265.327942	0.189904	
9265.329615	0.188156	
9265.331207	0.191113	
9265.332873	0.188265	
9265.334433	0.187346	
9265.336156	0.187374	
9265.337693	0.187701	
9265.339407	0.185187	
9265.340946	0.186488	
9265.342682	0.186101	
9265.344195	0.185251	
9265.345937	0.184075	
9265.347433	0.184925	
9265.349203	0.183064	
9265.350685	0.180003	
9265.352471	0.179849	
9265.353956	0.180075	
9265.355739	0.177875	
9265.357226	0.176921	
9265.358994	0.176204	
9265.360487	0.175813	
9265.362256	0.172848	
9265.363765	0.171914	
9265.365510	0.172155	
9265.367030	0.168836	
9265.368757	0.167241	
9265.370282	0.167458	
9265.371989	0.166181	
9265.373533	0.163341	
9265.375232	0.164082	
9265.376790	0.161855	
9265.378473	0.159184	
9265.380052	0.156904	
9265.381722	0.156191	
9265.383312	0.152102	
9265.384948	0.149407	
9265.386546	0.148304	
9265.388162	0.144614	
9265.389799	0.140730	
9265.391403	0.138974	
9265.393082	0.135542	
9265.394681	0.132009	
9265.396324	0.127804	
9265.397929	0.125882	
9265.399624	0.121056	
9265.401182	0.116069	
9265.402861	0.113547	
9265.404406	0.111223	
9265.406119	0.105628	
9265.407668	0.104286	
9265.409361	0.102087	
9265.410878	0.099122	
9265.412640	0.095956	
9265.414126	0.095597	
9265.415902	0.092535	
9265.417384	0.090578	
9265.419153	0.089869	
9265.420642	0.090046	
9265.422382	0.088576	
9265.423863	0.088479	
9265.425616	0.090666	
9265.427119	0.091057	
9265.428850	0.091597	
9265.430366	0.092620	
9265.432108	0.095911	
9265.433635	0.094876	
9265.435329	0.097482	
9265.436863	0.100741	
9265.438554	0.103182	
9265.440102	0.104335	
9265.441780	0.109261	
9265.443358	0.111630	
9265.445014	0.114325	
9265.446608	0.117455	
9265.448251	0.122393	
9265.449843	0.124520	
9265.451474	0.128315	
9265.453106	0.132114	
9265.454717	0.136843	
9265.456395	0.139566	
9265.457986	0.145081	
9265.459639	0.150467	
9265.461231	0.152811	
9265.462905	0.156308	
9265.464473	0.162093	
9265.466175	0.163962	
9265.467726	0.167345	
9265.469438	0.170947	
9265.470969	0.175132	
9265.472703	0.176107	
9265.474233	0.180836	
9265.475980	0.184490	
9265.477478	0.186049	
9265.479258	0.187886	
9265.480737	0.191153	
9265.482524	0.192466	
9265.484004	0.193521	
9265.485787	0.195814	
9265.487271	0.197655	
9265.489062	0.198307	
9265.490551	0.200084	
9265.492337	0.200974	
9265.493826	0.201272	
9265.495585	0.200607	
9265.497081	0.199910	
9265.498816	0.200978	
9265.500345	0.199097	
9265.502089	0.197509	
9265.503618	0.197614	
9265.505365	0.195769	
9265.506899	0.192941	
9265.508625	0.192724	
9265.510166	0.191064	
9265.511837	0.186883	
9265.513408	0.183551	
9265.515082	0.183326	
9265.516658	0.178548	
9265.518303	0.175906	
9265.519910	0.174262	
9265.521552	0.171366	
9265.523147	0.167196	
9265.524778	0.165178	
9265.526421	0.161960	
9265.528019	0.159289	
9265.529694	0.155075	
9265.531269	0.155381	
9265.532952	0.151115	
9265.534529	0.147945	
9265.536212	0.145008	
9265.537791	0.143611	
9265.539477	0.137657	
9265.541030	0.136774	
9265.542744	0.134257	
9265.544299	0.131014	
9265.546013	0.125435	
9265.547518	0.124988	
9265.549286	0.119131	
9265.550773	0.114542	
9265.552541	0.110546	
9265.554034	0.107638	
9265.555822	0.101499	
9265.557298	0.097635	
9265.559091	0.094223	
9265.560569	0.089957	
9265.562318	0.083705	
9265.563809	0.079991	
9265.565534	0.075254	
9265.567046	0.070533	
9265.568773	0.065074	
9265.570307	0.063008	
9265.572049	0.057819	
9265.573587	0.053038	
9265.575295	0.051072	
9265.576841	0.048546	
9265.578511	0.043769	
9265.580072	0.039644	
9265.581743	0.038806	
9265.583338	0.032896	
9265.584989	0.031643	
9265.586579	0.030169	
9265.588212	0.027845	
9265.589819	0.024272	
9265.591459	0.024888	
9265.593094	0.022181	
9265.594686	0.019824	
9265.596352	0.017947	
9265.597939	0.018141	
9265.599605	0.014173	
9265.601165	0.012863	
9265.602832	0.010974	
9265.604390	0.010567	
9265.606084	0.007026	
9265.607624	0.007808	
9265.609346	0.007046	
9265.610858	0.004706	
9265.612598	0.002531	
9265.614077	0.001242	
9265.615844	-0.002372	
9265.617329	-0.004612	
9265.619110	-0.005437	
9265.620599	-0.006477	
9265.622376	-0.007770	
9265.623856	-0.008176	
9265.625594	-0.007186	
9265.627093	-0.007391	
9265.628832	-0.008938	
9265.630349	-0.008450	
9265.632050	-0.006867	
9265.633577	-0.008841	
9265.635277	-0.008132	
9265.636831	-0.006481	
9265.638519	-0.005594	
9265.640079	-0.006106	
9265.641735	-0.002597	
9265.643309	-0.001679	
9265.644939	-0.001486	
9265.646527	-0.000152	
9265.648146	0.002845	
9265.649771	0.001777	
9265.651371	0.003050	
9265.653030	0.004541	
9265.654618	0.006072	
9265.656268	0.004722	
9265.657857	0.007204	
9265.659527	0.008275	
9265.661073	0.007917	
9265.662784	0.007675	
9265.664316	0.009657	
9265.666023	0.008372	
9265.667555	0.007844	
9265.669253	0.007429	
9265.670739	0.007800	
9265.672516	0.005810	
9265.674010	0.006301	
9265.675785	0.006615	
9265.677261	0.005528	
9265.679044	0.003993	
9265.680520	0.003312	
9265.682270	0.002474	
9265.683767	0.000150	
9265.685481	-0.000639	
9265.687006	-0.001353	
9265.688722	-0.002907	
9265.690257	-0.004898	
9265.691968	-0.004466	
9265.693511	-0.005760	
9265.695189	-0.008596	
9265.696741	-0.009941	
9265.698427	-0.010070	
9265.700007	-0.013188	
9265.701649	-0.014827	
9265.703247	-0.014787	
9265.704883	-0.016056	
9265.706495	-0.019440	
9265.708103	-0.018674	
9265.709713	-0.019295	
9265.711306	-0.021559	
9265.712968	-0.023283	
9265.714533	-0.022324	
9265.716215	-0.025361	
9265.717777	-0.026932	
9265.719470	-0.027267	
9265.721024	-0.027694	
9265.722715	-0.031291	
9265.724255	-0.030691	
9265.725965	-0.030425	
9265.727475	-0.031090	
9265.729207	-0.032902	
9265.730693	-0.031549	
9265.732455	-0.033015	
9265.733929	-0.033849	
9265.735698	-0.034123	
9265.737186	-0.033188	
9265.738936	-0.033523	
9265.740450	-0.033507	
9265.742207	-0.031984	
9265.743708	-0.031460	
9265.745414	-0.031593	
9265.746937	-0.031094	
9265.748634	-0.029273	
9265.750172	-0.030578	
9265.751854	-0.029519	
9265.753412	-0.027633	
9265.755080	-0.027545	
9265.756659	-0.028254	
9265.758315	-0.025261	
9265.759900	-0.024556	
9265.761525	-0.025446	
9265.763126	-0.025394	
9265.764756	-0.022876	
9265.766403	-0.024346	
9265.767990	-0.025039	
9265.769646	-0.023830	
9265.771229	-0.023802	
9265.772917	-0.026026	
9265.774496	-0.024499	
9265.776172	-0.024185	
9265.777719	-0.025055	
9265.779408	-0.027243	
9265.780948	-0.025212	
9265.782664	-0.027573	
9265.784173	-0.028834	
9265.785903	-0.029257	
9265.787380	-0.029418	
9265.789157	-0.032242	
9265.790639	-0.032197	
9265.792409	-0.032306	
9265.793904	-0.032516	
9265.795665	-0.034554	
9265.797150	-0.035203	
9265.798899	-0.035493	
9265.800399	-0.037599	
9265.802129	-0.038175	
9265.803647	-0.038026	
9265.805364	-0.039247	
9265.806890	-0.041088	
9265.808606	-0.039372	
9265.810162	-0.039952	
9265.811851	-0.041362	
9265.813402	-0.041672	
9265.815081	-0.041011	
9265.816661	-0.043146	
9265.818316	-0.043348	
9265.819915	-0.042248	
9265.821539	-0.042304	
9265.823161	-0.043646	
9265.824785	-0.041805	
9265.826415	-0.041394	
9265.828037	-0.042079	
9265.829672	-0.042292	
9265.831255	-0.040020	
9265.832922	-0.041777	
9265.834491	-0.041136	
