time (s)	magX	magY	magZ
9262.536862	-471.942719	-411.727081	-594.552307
9262.540170	-471.299805	-410.382812	-587.071289
9262.543499	-470.656952	-409.097015	-579.356506
9262.546839	-468.962036	-408.220306	-571.933960
9262.550178	-467.734650	-406.057861	-565.621826
9262.553496	-468.085297	-405.356537	-558.842163
9262.556841	-465.572174	-404.129150	-553.172974
9262.560189	-465.279938	-403.953827	-547.328430
9262.563519	-464.461731	-402.784882	-541.717651
9262.566884	-462.825226	-402.083557	-537.100525
9262.570171	-461.305695	-401.440704	-531.197571
9262.573492	-461.130310	-400.680908	-525.879028
9262.576832	-459.961426	-399.570435	-520.852722
9262.580193	-457.740509	-398.518402	-516.703064
9262.583501	-457.448273	-397.466400	-512.553467
9262.586828	-456.220947	-397.174164	-508.812988
9262.590164	-455.519562	-396.414368	-504.897156
9262.593509	-454.175354	-394.777893	-500.922852
9262.596868	-453.240234	-392.907654	-497.533020
9262.600190	-453.415558	-392.206299	-493.558777
9262.603502	-452.246643	-391.855652	-490.285797
9262.606836	-451.779053	-389.751587	-486.253113
9262.610201	-451.077728	-389.342468	-483.564606
9262.613490	-450.025726	-387.939789	-478.947418
9262.616831	-449.733459	-386.303314	-475.382263
9262.620158	-449.675049	-384.900635	-471.291046
9262.623496	-448.739929	-384.491516	-469.070129
9262.626842	-448.213898	-382.621277	-465.154297
9262.630181	-447.980133	-380.692566	-461.179993
9262.633508	-448.272339	-379.582123	-458.316223
9262.636831	-447.512543	-378.939209	-454.867920
9262.640159	-448.155457	-376.952087	-451.127411
9262.643505	-447.746338	-375.023376	-447.796051
9262.646831	-447.512543	-373.679138	-443.938660
9262.650160	-447.337219	-371.399750	-440.431915
9262.653502	-446.051422	-370.581543	-437.042084
9262.656820	-445.057831	-369.237274	-433.476898
9262.660172	-445.116302	-367.542358	-429.561066
9262.663064	-444.707184	-366.315002	-426.872620
9262.666402	-444.590302	-365.379883	-423.248993
9262.669725	-444.414978	-364.912323	-420.385162
9262.673073	-443.655182	-363.451202	-417.638245
9262.676405	-443.070709	-362.808289	-414.657532
9262.679732	-442.486267	-362.399170	-412.436615
9262.683058	-440.966675	-361.580933	-410.391022
9262.686403	-441.083588	-360.295166	-408.286987
9262.689768	-441.609589	-359.535370	-406.358276
9262.693063	-439.856201	-358.249542	-404.721802
9262.696396	-440.323792	-359.535370	-403.202240
9262.699728	-439.680878	-358.950897	-401.857971
9262.703061	-437.985962	-358.483337	-400.864410
9262.706396	-438.278229	-357.548218	-399.753967
9262.709723	-438.862640	-358.015778	-400.221527
9262.713064	-438.921082	-357.840454	-399.286407
9262.716394	-438.511963	-357.548218	-398.409698
9262.719727	-438.102844	-357.840454	-398.994171
9262.723058	-438.395081	-358.132660	-398.818848
9262.726390	-438.628876	-357.372894	-400.104614
9262.729737	-438.921082	-355.970184	-398.935730
9262.733089	-438.161285	-356.554657	-400.104614
9262.736391	-439.096436	-357.080658	-401.624237
9262.739727	-437.927490	-356.788422	-401.741119
9262.743058	-439.680878	-355.736389	-402.325562
9262.746390	-440.382202	-355.736389	-402.793091
9262.749717	-440.089996	-355.444183	-403.611359
9262.753056	-440.031555	-355.151947	-403.552887
9262.756391	-440.791351	-355.444183	-403.786682
9262.759719	-441.784912	-354.392181	-406.007599
9262.763058	-442.252472	-353.983032	-405.423157
9262.766386	-442.836914	-353.924622	-406.475189
9262.769725	-444.064301	-352.171234	-406.592072
9262.773051	-445.817627	-352.814117	-407.118073
9262.776407	-445.525421	-351.703674	-407.527191
9262.779719	-445.700775	-351.060760	-407.702515
9262.783053	-447.045013	-350.826996	-408.696106
9262.786381	-448.155457	-350.184113	-408.988312
9262.789714	-448.272339	-348.956757	-409.046783
9262.793057	-449.558136	-348.489197	-409.338989
9262.796382	-449.499725	-349.073639	-410.741699
9262.799713	-450.201050	-348.255402	-410.975494
9262.803048	-450.902374	-348.080048	-411.676819
9262.806413	-452.597290	-348.138489	-411.559906
9262.809717	-452.597290	-347.554077	-413.722412
9262.813054	-453.181763	-347.612488	-413.839264
9262.816378	-452.947968	-347.670929	-415.767975
9262.819728	-454.233765	-348.138489	-416.527771
9262.823051	-455.227356	-348.196960	-418.281158
9262.826380	-456.454681	-348.372284	-420.209808
9262.829710	-456.220947	-349.482758	-423.248993
9262.833049	-457.682068	-349.658081	-425.060791
9262.836382	-458.324921	-350.008759	-426.989502
9262.839713	-460.019836	-351.820557	-430.262451
9262.843044	-460.487427	-350.943878	-433.184692
9262.846376	-462.416138	-352.171234	-436.749878
9262.849731	-463.292816	-352.638794	-440.315033
9262.853045	-463.526611	-353.164825	-443.997070
9262.856374	-464.987732	-354.158386	-448.380493
9262.859710	-465.279938	-354.333710	-452.179474
9262.863046	-466.916443	-354.976593	-455.627716
9262.866384	-468.202240	-356.203949	-459.368225
9262.869710	-469.663361	-357.139099	-464.569824
9262.873046	-470.598480	-357.314423	-469.303925
9262.876376	-472.644073	-357.431305	-474.038025
9262.879710	-474.280518	-358.541779	-479.590302
9262.883044	-475.975433	-359.126221	-484.090607
9262.886377	-477.319702	-358.308014	-489.058472
9262.889712	-479.306824	-359.067810	-493.850983
9262.893046	-480.884857	-359.301575	-498.643463
9262.896374	-481.878448	-358.834015	-503.377563
9262.899704	-484.274689	-359.126221	-508.286987
9262.903046	-486.261810	-359.301575	-513.313232
9262.906374	-488.073669	-358.950897	-517.638184
9262.909704	-490.119232	-358.717102	-522.547607
9262.913062	-490.820557	-358.308014	-527.807739
9262.916376	-492.924622	-358.600220	-531.840393
9262.919702	-494.619537	-357.314423	-536.983643
9262.923070	-496.489777	-357.548218	-540.782532
9262.926374	-497.892456	-357.255981	-546.451782
9262.929704	-499.879608	-357.080658	-550.718262
9262.933034	-501.106964	-357.022217	-555.160156
9262.936385	-502.158936	-357.314423	-561.063110
9262.939705	-504.847473	-357.314423	-566.147827
9262.943039	-505.490356	-357.723541	-571.057251
9262.946374	-507.594360	-357.197540	-575.732910
9262.949699	-508.763306	-356.437744	-581.694336
9262.953031	-509.639954	-357.840454	-587.480408
9262.956368	-511.159546	-357.665100	-592.740479
9262.959699	-512.386902	-358.249542	-599.929260
9262.963036	-513.322021	-358.541779	-605.364685
9262.966370	-516.185852	-358.249542	-612.962585
9262.969698	-515.893616	-358.892456	-620.502014
9262.973034	-517.179443	-359.067810	-627.632385
9262.976364	-519.108154	-359.710693	-634.879578
9262.979740	-518.406799	-359.593781	-642.711243
9262.983036	-520.101685	-360.938049	-651.419617
9262.986363	-521.445923	-359.827576	-660.478638
9262.989702	-523.316162	-360.821136	-669.128540
9262.993035	-524.426636	-360.119781	-677.486206
9262.996361	-524.894226	-360.178253	-687.421936
9262.999700	-525.770874	-360.236694	-698.000549
9263.003059	-526.472229	-359.886017	-707.176514
9263.006362	-526.881348	-359.593781	-717.404419
9263.009701	-528.517822	-358.658661	-727.106323
9263.013031	-528.868530	-357.723541	-736.749817
9263.016367	-529.803650	-356.671509	-746.860901
9263.019695	-530.212769	-354.392181	-756.796570
9263.023025	-532.258362	-353.398590	-767.433655
9263.026358	-531.673889	-351.995911	-777.661560
9263.029697	-532.609009	-349.307404	-788.006409
9263.033024	-532.258362	-348.489197	-797.123901
9263.036362	-532.959656	-346.151367	-807.351807
9263.039696	-534.011658	-343.755096	-816.819946
9263.043028	-534.303955	-341.300385	-826.755737
9263.046380	-534.654602	-338.787231	-835.639404
9263.049720	-534.654602	-336.566315	-846.510193
9263.053032	-534.011658	-334.520752	-855.569275
9263.056362	-534.771484	-330.897125	-864.920532
9263.059691	-534.596130	-328.033295	-874.388611
9263.063029	-535.063721	-325.403259	-883.038513
9263.066359	-535.297485	-322.831665	-893.208008
9263.069696	-533.018127	-320.143188	-901.448853
9263.073020	-533.368774	-316.811798	-912.553528
9263.076355	-532.667419	-314.707764	-921.787842
9263.079692	-531.790771	-312.077728	-931.080627
9263.083019	-530.212769	-308.337250	-939.964294
9263.086353	-529.043823	-305.181183	-950.192261
9263.089708	-527.641113	-302.375793	-960.186401
9263.093022	-525.011108	-298.167725	-970.414368
9263.096353	-524.017517	-296.648132	-980.466919
9263.099685	-521.796631	-293.316772	-990.227295
9263.103017	-519.634155	-289.634705	-1001.974854
9263.106351	-517.296326	-286.770905	-1011.793701
9263.109689	-514.841614	-282.095276	-1023.950317
9263.113024	-510.516663	-278.939209	-1034.295166
9263.116362	-507.419006	-275.140259	-1045.341309
9263.119720	-503.912323	-270.523071	-1056.621216
9263.123021	-500.931610	-266.198120	-1067.141479
9263.126351	-495.145538	-262.106934	-1078.772095
9263.129682	-491.580353	-256.788422	-1089.701416
9263.133037	-486.495605	-251.119232	-1102.500854
9263.136355	-481.060181	-245.683807	-1111.735229
9263.139687	-477.202820	-240.189926	-1125.002319
9263.143019	-471.241364	-234.637634	-1136.925171
9263.146351	-465.922852	-226.864410	-1145.808838
9263.149680	-459.669189	-220.844528	-1157.147339
9263.153013	-453.415558	-213.947983	-1167.550537
9263.156349	-447.804810	-205.940964	-1178.187622
9263.159684	-441.083588	-198.401505	-1186.545288
9263.163029	-434.479248	-190.511398	-1196.480957
9263.166348	-427.933380	-181.861481	-1204.780151
9263.169680	-420.803040	-173.503784	-1212.319702
9263.173016	-414.958496	-165.555222	-1221.086548
9263.176347	-407.009918	-156.846863	-1228.450562
9263.179681	-401.282288	-147.729401	-1235.639404
9263.183045	-394.327271	-139.137924	-1242.536011
9263.186342	-387.313843	-129.845123	-1249.490967
9263.189681	-379.073059	-121.136765	-1254.049683
9263.193042	-372.293396	-112.136177	-1259.952637
9263.196343	-364.753937	-103.310928	-1266.732300
9263.199676	-356.980713	-94.485680	-1271.875488
9263.203011	-349.032135	-85.660431	-1276.609619
9263.206354	-341.609558	-76.952080	-1282.454102
9263.209677	-333.953247	-68.009941	-1286.545288
9263.213006	-325.303345	-60.061367	-1290.461182
9263.216344	-317.179413	-51.060783	-1294.552368
9263.219671	-309.347748	-42.644653	-1299.578613
9263.223008	-299.762695	-33.936295	-1302.676147
9263.226346	-291.638794	-25.461720	-1305.306274
9263.229678	-282.462891	-17.279369	-1307.994751
9263.233003	-272.351837	-8.863237	-1312.261230
9263.236355	-262.474579	-0.213326	-1315.417236
9263.239677	-252.538879	8.553477	-1318.397949
9263.243003	-242.077133	17.670952	-1321.086548
9263.246336	-232.141449	25.794855	-1321.670898
9263.249676	-221.855042	34.795441	-1323.775024
9263.253003	-209.932205	43.737579	-1326.580322
9263.256342	-198.652237	52.679718	-1327.164795
9263.259672	-187.606064	61.972527	-1327.924683
9263.263009	-175.157211	71.148445	-1330.087036
9263.266334	-163.175919	80.675041	-1327.632324
9263.269677	-150.960831	90.493866	-1327.749268
9263.273001	-138.921097	99.552895	-1326.989502
9263.276338	-126.881348	109.137932	-1324.827026
9263.279682	-115.075394	119.658096	-1322.138550
9263.282999	-102.684982	129.886047	-1319.800659
9263.286337	-89.593216	139.821747	-1317.229126
9263.289665	-78.021042	149.173004	-1313.079468
9263.292995	-66.331970	159.050278	-1309.163696
9263.296337	-54.058445	169.336655	-1304.195801
9263.299670	-42.836937	178.921692	-1299.695435
9263.303003	-31.147865	189.266510	-1293.617187
9263.306334	-20.393921	198.968445	-1287.655762
9263.309699	-9.756866	208.845718	-1282.629395
9263.313001	0.821742	217.846298	-1275.089966
9263.316361	12.744595	226.437759	-1270.063721
9263.319665	22.855640	235.672119	-1264.219238
9263.323010	32.732903	243.971375	-1256.036743
9263.326333	42.259499	252.445938	-1249.432495
9263.329665	51.201637	260.569855	-1241.717773
9263.332996	60.786674	268.459961	-1234.411987
9263.336333	70.313263	275.999420	-1228.041504
9263.339664	78.787842	283.129761	-1218.514893
9263.342995	87.496201	290.669189	-1212.787231
9263.346329	95.853882	296.104614	-1205.949097
9263.349661	104.796021	303.585632	-1197.649902
9263.352999	113.621277	309.254852	-1190.928589
9263.356328	121.803635	315.216248	-1182.921753
9263.359687	130.687317	320.476349	-1175.615967
9263.362990	138.928116	326.905334	-1167.433594
9263.366329	147.285797	331.405609	-1160.361816
9263.369663	156.111053	336.607239	-1150.952026
9263.372992	163.708954	340.523102	-1143.821655
9263.376386	172.125076	345.666290	-1135.463989
9263.379660	180.307434	349.582123	-1127.749268
9263.382995	189.308014	354.257751	-1117.579712
9263.386327	197.431915	358.056702	-1108.812988
9263.389661	205.205139	361.855652	-1099.870728
9263.392995	213.212158	366.472839	-1091.746948
9263.396320	221.569855	370.037994	-1081.694336
9263.399664	229.284622	374.129181	-1072.167725
9263.403024	237.408539	378.220337	-1061.121582
9263.406324	244.831085	381.493286	-1051.185791
9263.409657	252.078323	385.642914	-1040.431885
9263.412989	259.383972	388.623627	-1030.496216
9263.416325	266.397430	391.662750	-1019.917603
9263.419652	273.235535	395.111053	-1009.631165
9263.422989	279.956757	398.325531	-998.643494
9263.426318	285.567505	401.598480	-988.240173
9263.429652	291.879608	404.228516	-976.258850
9263.432988	297.315033	407.209229	-967.083008
9263.436320	303.101105	410.248413	-955.686096
9263.439653	308.127411	412.936890	-944.464600
9263.442988	313.445953	416.268280	-933.944397
9263.446340	317.420227	418.255402	-923.950317
9263.449652	321.569855	420.651642	-913.547058
9263.452989	325.719452	423.281708	-901.974854
9263.456315	329.050842	425.210419	-892.214478
9263.459646	332.557556	427.372894	-882.687866
9263.462985	335.772064	428.483368	-873.745728
9263.466319	338.752777	430.528961	-864.862061
9263.469650	342.201050	431.288757	-855.335449
9263.472982	344.772644	432.925201	-845.458252
9263.476313	347.110474	433.743439	-836.399170
9263.479653	350.324982	434.444794	-830.087097
9263.484326	354.591461	435.730591	-811.326111
9263.487694	356.578613	436.198120	-805.072510
9263.491060	358.565765	436.607239	-797.357666
9263.494399	362.247803	436.315033	-789.526001
9263.497682	364.468750	435.672119	-781.577454
9263.501049	365.228546	436.899506	-773.453491
9263.504336	368.384583	436.139709	-765.797180
9263.507687	371.131500	436.081238	-760.186462
9263.511023	372.709534	435.847443	-751.302734
9263.513936	375.047363	436.022797	-744.464661
9263.517612	377.209839	434.386322	-737.158936
9263.520963	379.664520	433.217407	-729.911682
9263.524332	381.710114	432.808319	-723.891907
9263.527288	382.995911	431.522491	-716.819946
9263.530606	385.801300	431.113403	-709.046753
9263.533910	387.846863	430.002960	-701.039734
9263.537583	389.658691	430.002960	-693.441833
9263.540536	390.009369	428.424896	-685.551697
9263.543846	392.697845	428.191101	-677.544678
9263.547182	393.983643	426.905334	-670.063660
9263.550575	395.444763	426.028656	-663.459351
9263.553959	396.555237	426.087067	-656.095276
9263.557262	397.724121	424.918213	-648.672668
9263.560492	398.951477	423.866150	-641.834595
9263.563848	400.003510	423.515472	-633.944458
9263.567155	400.763306	422.346558	-626.931030
9263.570504	400.938629	422.112823	-619.683777
9263.573858	401.698425	421.236115	-613.780823
9263.577259	401.464661	420.827026	-606.708923
9263.580559	401.581543	419.891907	-600.338379
9263.583918	401.347748	420.008789	-593.850952
9263.587159	400.997101	418.021606	-588.123291
9263.590479	401.172424	417.787872	-583.272339
9263.593822	400.821747	417.554077	-577.544678
9263.597189	400.587952	417.028076	-572.109253
9263.600517	401.406189	416.502075	-567.083008
9263.603899	401.172424	415.859161	-562.582703
9263.607228	401.639984	415.157806	-558.491516
9263.610486	401.523102	414.105774	-554.809448
9263.613817	400.997101	413.287567	-549.374084
9263.617158	400.821747	412.586243	-546.276428
9263.620513	400.763306	411.884857	-541.951477
9263.623843	401.230865	410.365265	-539.029236
9263.627278	401.172424	410.014618	-536.340698
9263.630578	401.406189	409.313263	-533.301514
9263.633897	400.763306	407.852142	-530.320862
9263.637155	401.581543	406.098785	-527.047913
9263.640502	401.523102	405.923431	-524.125610
9263.643806	402.107544	404.637634	-521.437195
9263.647169	401.756866	403.702515	-518.924011
9263.650510	402.925781	401.598480	-515.767944
9263.653928	403.159546	400.955597	-513.371704
9263.657232	403.627106	399.494446	-510.858551
9263.660486	403.276459	398.734680	-507.585663
9263.663859	404.211578	396.981323	-504.721802
9263.667145	404.386902	395.520172	-501.390442
9263.670524	404.971375	394.059052	-498.935730
9263.673833	404.912933	393.708374	-496.422546
9263.677225	405.146698	392.656342	-493.266510
9263.680553	405.848053	391.604340	-490.285797
9263.683827	406.198730	389.850983	-487.421967
9263.687142	406.549377	389.909424	-485.317963
9263.690468	406.257141	387.980713	-481.752808
9263.693845	406.724731	387.045593	-478.713654
9263.697163	406.783173	386.402710	-476.668060
9263.700551	406.257141	385.526001	-472.752228
9263.703895	405.848053	385.175354	-470.881958
9263.706777	406.374054	384.064880	-467.959686
9263.710478	406.081818	384.123322	-465.972565
9263.713817	406.374054	383.538879	-463.400970
9263.717138	405.731171	382.662201	-461.004669
9263.720490	405.614258	382.369965	-460.303345
9263.723382	404.854462	381.843964	-459.076019
9263.726734	405.555817	381.727081	-457.439514
9263.730075	405.848053	381.025726	-456.036835
9263.733401	405.322021	380.616608	-455.218597
9263.736731	404.854462	380.908813	-454.341919
9263.740040	404.679138	380.733490	-453.348328
9263.743384	404.912933	380.090607	-453.523651
9263.746715	405.029785	380.441254	-452.763885
9263.750060	405.438934	379.213898	-452.296326
9263.753376	405.205170	379.681458	-452.822327
9263.756718	405.731171	379.330811	-453.348328
9263.760068	405.322021	378.804810	-454.225037
9263.763393	406.607849	378.863251	-454.166595
9263.766754	406.315613	378.687897	-455.393921
9263.770046	406.490936	378.045013	-456.212158
9263.773401	407.893646	377.577454	-457.614868
9263.776706	408.010529	377.285217	-457.965546
9263.780049	408.945648	377.051453	-460.420258
9263.783372	409.588562	375.999420	-460.829346
9263.786706	409.413208	375.707184	-461.589142
9263.790044	410.640564	374.888977	-462.874908
9263.793414	411.517273	374.655182	-464.686768
9263.796722	412.218597	373.778473	-465.037415
9263.800086	413.095276	373.427826	-466.790802
9263.803385	413.153717	372.375793	-467.433685
9263.806711	415.023987	372.668030	-469.011719
9263.810081	415.842163	372.375793	-469.596191
9263.813378	416.718903	371.323792	-470.414398
9263.816712	415.900635	370.797791	-471.817108
9263.820040	417.537109	370.037994	-473.395081
9263.823375	417.946228	370.330231	-473.570435
9263.826723	418.647614	369.862640	-474.388672
9263.830052	419.699585	369.745789	-475.089996
9263.833421	420.400940	369.395081	-475.382263
9263.836709	421.511383	369.570435	-477.661591
9263.840032	421.336060	370.271790	-478.888977
9263.843378	422.095856	369.804230	-480.466980
9263.846705	423.498566	369.862640	-482.512604
9263.850038	422.738770	370.563995	-484.791931
9263.853399	423.498566	370.622437	-485.785522
9263.856708	424.082977	370.447113	-487.889557
9263.860051	424.199890	370.739349	-490.052002
9263.863387	424.609009	371.148468	-492.798981
9263.866789	424.842773	371.674469	-495.838104
9263.870028	425.544159	371.908234	-497.883698
9263.873366	426.303925	371.791351	-501.039764
9263.876712	427.531281	372.375793	-504.429596
9263.880062	427.998840	373.018707	-507.877869
9263.883368	428.524841	373.077148	-511.910614
9263.886698	429.518402	373.661621	-516.001770
9263.890032	429.869110	374.012268	-520.735779
9263.893392	430.219788	373.895386	-523.891907
9263.896275	431.388641	374.479828	-528.801270
9263.899605	432.616028	373.544708	-532.775574
9263.902941	433.025146	374.070709	-538.444763
9263.906313	434.194031	374.187622	-544.055481
9263.909642	435.362946	373.486267	-548.497314
9263.912943	436.648743	373.486267	-553.815918
9263.916274	437.233185	374.012268	-558.433044
9263.919607	438.518982	372.609589	-564.569824
9263.922954	439.804810	372.434265	-569.654541
9263.926273	441.032166	371.849792	-575.499084
9263.929603	441.558136	371.791351	-580.992981
9263.932937	443.369934	371.148468	-586.720581
9263.936274	443.662201	370.388672	-591.630005
9263.939598	444.714203	370.388672	-597.825256
9263.942935	445.766235	369.453552	-602.909973
9263.946268	446.818237	369.219757	-608.286926
9263.949606	448.396271	368.576874	-613.371704
9263.952955	447.928680	368.050873	-619.508484
9263.956267	449.272949	367.291077	-624.651672
9263.959598	450.734070	367.349518	-630.203979
9263.962936	451.084747	366.881958	-636.282227
9263.966267	452.078308	365.888397	-640.724121
9263.969601	452.545868	366.180603	-646.393311
9263.972992	453.305664	365.654602	-652.588501
9263.976270	453.656372	366.122162	-658.433044
9263.979598	454.065430	365.888397	-664.452942
9263.982970	453.539459	364.894806	-669.771484
9263.986261	454.299225	364.193451	-675.849792
9263.989595	454.883698	364.719452	-683.506104
9263.992934	454.533020	364.368805	-690.344238
9263.996288	454.591492	363.842804	-696.656311
9263.999597	454.533020	363.609009	-703.728210
9264.002931	454.766815	363.083008	-711.209229
9264.006262	454.474579	362.498535	-718.690186
9264.009606	453.247253	362.206329	-727.281677
9264.012929	453.013458	362.089417	-734.587341
9264.016266	452.428986	360.511414	-741.776123
9264.019592	452.136780	360.219177	-752.179443
9264.022928	451.201660	358.641144	-761.530701
9264.026258	450.500275	357.355347	-770.063660
9264.029598	450.266541	355.777344	-779.414917
9264.032928	448.279358	354.725311	-789.701294
9264.036274	447.987152	353.147308	-798.585022
9264.039593	446.467560	351.393951	-809.572815
9264.042927	445.999969	349.348328	-818.281067
9264.046259	444.655792	346.367615	-829.561035
9264.049598	442.785522	343.796051	-840.548828
9264.052940	442.551727	341.399780	-851.419617
9264.056266	440.213898	338.652863	-861.063110
9264.059591	439.337219	335.496796	-871.933960
9264.062925	437.291656	332.516083	-882.103455
9264.066262	435.538269	329.243134	-893.792542
9264.069590	435.187592	325.151978	-902.851501
9264.072924	432.908234	322.697266	-914.073059
9264.076258	430.921112	318.372284	-924.359436
9264.079591	429.635315	315.333160	-935.288696
9264.082939	427.589722	310.832855	-945.224365
9264.086257	424.842773	307.501465	-956.679749
9264.089589	422.797180	303.702515	-966.031006
9264.092923	420.634735	300.604919	-975.148376
9264.096254	417.712463	296.221527	-985.376343
9264.099596	415.023987	292.422546	-995.428955
9264.102918	412.277069	289.266510	-1004.838684
9264.106256	409.120972	284.707794	-1014.248352
9264.109591	405.263580	280.675049	-1025.352905
9264.112916	401.581543	277.168335	-1035.463989
9264.116251	397.256561	272.784912	-1044.172363
9264.119589	394.158997	269.278229	-1054.750977
9264.122923	388.898895	265.537720	-1065.504883
9264.126273	384.106384	260.686737	-1076.317261
9264.129588	380.424316	256.537109	-1085.376343
9264.132914	374.521332	252.796631	-1095.662842
9264.136254	369.904175	247.828766	-1105.832275
9264.139581	363.241394	243.153137	-1117.579712
9264.142915	357.513733	238.535950	-1126.931030
9264.146251	351.727661	232.866745	-1138.970703
9264.149587	344.889557	227.840454	-1149.549438
9264.152913	338.519012	222.463486	-1158.549927
9264.156270	331.213348	215.976044	-1169.245483
9264.159590	324.901215	209.488602	-1180.993042
9264.162916	317.011108	202.942734	-1191.746948
9264.166251	309.880798	195.695511	-1201.448853
9264.169589	301.464661	188.506729	-1213.780762
9264.172911	293.399200	180.733490	-1223.599609
9264.176246	284.749268	172.551147	-1233.827637
9264.179579	276.800720	164.777908	-1244.406250
9264.182910	268.267670	155.601990	-1254.692505
9264.186246	259.559326	147.244308	-1265.212769
9264.189580	250.617203	138.126846	-1275.206909
9264.192915	242.084167	129.184692	-1284.967285
9264.196244	233.375809	119.190529	-1292.857300
9264.199591	224.725891	109.488602	-1302.851440
9264.202906	215.082413	100.254234	-1311.559814
9264.206246	205.380478	91.195206	-1318.807129
9264.209574	196.555237	81.376389	-1326.989502
9264.212909	186.677979	70.856224	-1334.353516
9264.216239	177.969620	61.563416	-1342.126831
9264.219571	167.975449	51.744591	-1348.614258
9264.222978	158.741089	42.276447	-1355.218628
9264.226244	148.922272	32.925190	-1362.699585
9264.229577	139.161896	23.047924	-1366.673828
9264.232914	129.518417	13.988896	-1372.810669
9264.236275	119.874924	5.397429	-1378.655151
9264.239577	109.062546	-4.596727	-1382.980103
9264.242924	99.360611	-13.480420	-1386.895996
9264.246240	88.431320	-22.247225	-1390.519531
9264.249574	78.963181	-30.721800	-1393.324951
9264.252909	68.384567	-39.722385	-1397.474609
9264.256236	57.513733	-47.904732	-1400.279907
9264.259567	47.052017	-56.379314	-1403.611328
9264.262899	36.122734	-65.146111	-1406.650391
9264.266234	24.609001	-73.796028	-1407.001099
9264.269576	14.030392	-82.036827	-1408.812988
9264.272900	1.756867	-90.043839	-1410.098755
9264.276238	-9.581532	-98.576859	-1410.975464
9264.279592	-21.562828	-107.226768	-1411.442993
9264.282906	-33.427235	-116.285797	-1411.559814
9264.286253	-44.648743	-125.578613	-1410.916992
9264.289567	-57.389835	-134.286957	-1410.507812
9264.292904	-68.962006	-143.404434	-1407.118042
9264.296230	-80.534195	-152.229675	-1406.650391
9264.299566	-92.515488	-161.990051	-1405.715332
9264.302905	-103.795441	-171.165985	-1400.689087
9264.306231	-116.302734	-180.751007	-1398.234375
9264.309568	-128.167145	-190.452942	-1395.779663
9264.312898	-139.154877	-199.278183	-1392.623657
9264.316231	-150.610168	-209.798355	-1387.363525
9264.319565	-162.182343	-219.149612	-1382.512573
9264.322921	-174.163651	-228.500870	-1377.369385
9264.326230	-184.742264	-237.150787	-1371.524780
9264.329569	-195.087067	-245.800690	-1365.972534
9264.332896	-205.198120	-255.561066	-1360.361816
9264.336232	-215.542953	-263.860321	-1355.393921
9264.339558	-225.712433	-272.802460	-1346.977783
9264.342894	-234.654587	-281.919922	-1338.327881
9264.346229	-243.070724	-289.810028	-1330.788452
9264.349571	-252.655731	-298.109283	-1322.839844
9264.352896	-261.071899	-305.414948	-1314.540527
9264.356228	-269.955597	-312.603729	-1306.650391
9264.359564	-277.670349	-319.091187	-1297.065430
9264.362892	-285.911163	-325.637054	-1288.473999
9264.366249	-293.918182	-332.416687	-1280.233154
9264.369561	-300.697815	-339.021027	-1271.349487
9264.372892	-308.529510	-344.164215	-1260.244873
9264.376225	-315.309174	-349.833405	-1252.530151
9264.379559	-323.140869	-354.625946	-1242.828125
9264.382890	-329.336060	-359.652222	-1233.535400
9264.386223	-336.758606	-364.269409	-1223.424316
9264.389554	-342.836914	-368.419037	-1215.183594
9264.392891	-348.564575	-372.334869	-1204.137329
9264.396229	-355.811798	-376.718292	-1195.954956
9264.399559	-363.526581	-379.640564	-1184.090576
9264.402887	-368.903564	-382.621277	-1174.096436
9264.406226	-374.338989	-385.660431	-1164.394531
9264.409570	-380.592621	-388.699585	-1153.523682
9264.412913	-386.028046	-391.446503	-1141.659302
9264.416226	-391.521912	-394.602570	-1130.554687
9264.419558	-397.483337	-396.648132	-1120.385132
9264.422887	-402.684998	-399.687317	-1109.397461
9264.426224	-407.243713	-401.849762	-1099.286377
9264.429557	-413.088257	-403.953827	-1087.012817
9264.432887	-417.647003	-406.525391	-1076.141968
9264.436217	-421.971954	-408.044983	-1063.400879
9264.439560	-426.413788	-410.616608	-1052.413208
9264.442887	-431.732300	-411.610138	-1041.542358
9264.446220	-435.005249	-414.357117	-1029.619507
9264.449551	-439.564026	-416.110443	-1018.631714
9264.452889	-441.901794	-417.571564	-1006.825806
9264.456214	-445.525421	-419.850952	-996.480957
9264.459551	-449.616608	-420.727661	-985.493286
9264.462884	-452.538849	-422.364105	-974.037964
9264.466215	-453.649292	-424.468170	-966.498535
9264.469548	-457.506714	-425.286377	-955.510803
9264.472887	-459.143188	-425.578613	-945.984192
9264.476269	-461.130310	-425.695496	-936.983582
9264.479556	-463.409668	-427.507294	-927.749268
9264.482905	-465.396851	-427.565735	-919.625366
9264.486213	-467.267090	-428.091736	-911.092285
9264.489553	-468.786682	-427.858002	-903.319092
9264.492883	-469.721802	-427.799530	-894.610718
9264.496216	-471.007599	-428.208649	-887.246582
9264.499552	-472.468719	-427.682617	-880.525391
9264.502881	-473.812988	-427.858002	-873.745728
9264.506211	-475.157227	-427.624207	-867.433655
9264.509547	-475.098785	-427.682617	-861.296875
9264.512902	-477.085907	-427.390411	-854.809448
9264.516208	-477.904144	-426.513733	-848.322021
9264.519546	-478.956146	-425.987701	-841.776184
9264.522879	-479.599060	-425.111023	-836.925110
9264.526222	-480.767975	-425.870819	-831.022156
9264.529546	-480.475739	-424.059021	-825.586792
9264.532878	-482.755096	-424.117432	-820.326721
9264.536216	-482.930450	-424.175903	-814.891235
9264.539542	-483.398041	-423.182312	-809.514343
9264.542878	-484.391571	-421.896515	-803.143799
9264.546210	-485.735809	-421.136749	-796.714783
9264.549540	-486.612488	-419.617187	-790.519592
9264.552877	-486.963196	-418.389832	-785.201050
9264.556231	-489.008789	-418.331360	-778.888916
9264.559540	-489.943909	-417.162476	-772.343079
9264.562876	-490.762115	-415.467560	-766.849182
9264.566210	-491.755707	-414.415527	-760.946228
9264.569556	-493.158356	-412.954407	-754.225037
9264.572875	-493.625946	-411.434814	-748.146667
9264.576203	-495.262390	-410.382812	-741.717651
9264.579540	-496.840454	-408.161896	-736.106934
9264.582871	-497.950897	-406.759186	-730.262451
9264.586209	-499.061371	-405.298065	-723.716553
9264.589539	-500.171814	-404.246063	-718.631775
9264.592876	-501.632935	-401.849762	-714.365234
9264.596205	-502.684998	-400.388641	-708.286926
9264.599554	-503.678528	-398.518402	-703.143738
9264.602868	-505.022766	-396.355927	-697.766785
9264.606199	-505.315063	-394.953217	-692.682007
9264.609537	-506.425476	-392.966095	-688.824646
9264.612894	-508.061951	-391.504944	-684.967224
9264.616199	-508.061951	-389.517792	-680.992981
9264.619538	-509.230896	-387.998260	-676.960205
9264.622874	-510.575073	-386.011108	-673.336670
9264.626199	-510.049072	-384.199280	-670.297485
9264.629534	-510.692017	-384.140839	-667.316772
9264.632871	-511.977783	-381.510803	-663.751587
9264.636197	-512.094666	-381.160126	-663.050232
9264.639530	-512.562256	-380.049683	-661.589111
9264.642876	-512.912903	-378.647003	-659.660461
9264.646196	-512.912903	-378.296295	-657.088806
9264.649533	-513.380432	-377.419647	-656.796570
9264.652861	-512.912903	-376.718292	-656.036804
9264.656197	-512.854431	-376.601379	-655.569214
9264.659527	-513.614258	-376.309174	-655.744629
9264.662863	-513.088257	-375.432495	-655.627686
9264.666198	-513.906494	-375.432495	-655.277039
9264.669531	-514.081848	-375.023376	-655.277039
9264.672860	-514.140259	-374.380463	-654.751038
9264.676195	-513.555847	-374.205139	-656.270630
9264.679561	-513.146729	-374.497375	-656.562805
9264.682861	-512.796021	-374.322021	-657.848572
9264.686208	-513.497375	-373.737579	-659.426636
9264.689528	-513.263550	-373.679138	-659.835754
9264.692862	-512.445312	-374.672699	-660.186462
9264.696196	-511.218018	-375.023376	-660.770874
9264.699528	-512.270020	-374.322021	-661.413757
9264.702863	-511.685608	-375.666260	-662.465820
9264.706190	-511.451782	-376.542938	-662.582703
9264.709526	-510.633545	-376.776733	-664.277588
9264.712860	-510.341309	-377.478088	-664.160706
9264.716197	-510.867310	-378.471649	-664.686707
9264.719530	-511.393311	-378.705414	-663.225586
9264.722886	-510.282898	-379.114563	-663.751587
9264.726190	-510.633545	-379.523651	-664.978943
9264.729522	-509.406189	-380.517242	-665.563416
9264.732883	-510.575073	-380.341888	-664.803589
9264.736192	-511.042664	-380.809479	-665.271179
9264.739528	-509.873718	-381.160126	-664.102295
9264.742859	-510.282898	-380.926361	-665.212708
9264.746193	-510.633545	-380.692566	-665.797180
9264.749520	-510.867310	-381.043243	-665.154297
9264.752860	-511.218018	-380.867920	-666.323181
9264.756191	-511.919312	-380.283447	-667.725891
9264.759524	-511.744019	-379.991211	-668.368774
9264.762856	-512.503784	-379.056091	-669.946838
9264.766230	-512.386902	-378.237854	-670.706604
9264.769521	-513.205139	-378.237854	-673.511963
9264.772859	-514.724731	-377.536499	-675.206909
9264.776186	-515.426086	-376.601379	-676.609558
9264.779520	-517.062561	-376.309174	-680.876038
9264.782853	-517.062561	-375.666260	-683.155457
9264.786184	-516.828735	-375.081818	-686.311462
9264.790866	-518.640564	-373.503815	-694.493896
9264.794165	-519.341919	-373.445343	-698.292786
9264.797484	-520.393921	-371.984222	-701.390381
9264.800874	-520.393921	-371.867310	-706.533569
9264.804212	-520.803040	-371.049103	-711.092346
9264.807547	-522.030396	-370.815308	-716.293945
9264.810471	-522.264160	-370.581543	-720.677368
9264.814117	-522.439514	-371.107544	-726.463440
9264.817475	-522.731750	-370.990631	-730.846863
9264.820879	-523.666870	-371.458191	-735.580933
9264.824231	-522.088806	-373.094666	-740.373474
9264.827157	-522.381042	-374.672699	-744.698364
9264.830444	-522.147278	-375.374054	-749.666260
9264.833764	-520.803040	-378.179443	-753.465210
9264.837451	-521.153687	-379.348328	-758.199280
9264.840813	-519.341919	-382.036804	-760.946228
9264.843717	-518.289856	-384.316193	-764.862061
9264.847055	-516.887207	-386.186432	-766.907654
9264.850435	-514.666321	-388.232025	-768.777893
9264.853804	-512.737610	-391.095856	-770.823486
9264.857076	-511.042664	-393.082977	-772.109253
9264.860360	-509.289307	-395.596161	-773.804199
9264.863699	-507.243713	-398.343048	-774.797791
9264.867049	-505.957886	-400.330231	-775.615967
9264.870388	-503.210999	-402.901825	-776.551086
9264.873778	-502.977203	-405.181183	-777.369385
9264.877099	-501.574524	-407.168304	-776.609558
9264.880427	-500.873169	-410.207489	-777.077148
9264.883697	-501.165405	-412.194611	-775.908203
9264.887016	-498.769104	-414.181793	-774.563965
9264.890375	-497.541779	-416.870239	-772.985962
9264.893713	-498.827576	-417.688477	-771.174133
9264.897122	-496.372864	-418.623627	-769.946838
9264.900441	-496.781982	-419.500275	-767.316772
9264.903789	-494.444214	-419.909393	-765.504944
9264.907029	-493.801270	-420.727661	-761.413757
9264.910357	-494.210419	-422.013458	-758.257751
9264.913684	-492.632355	-422.422577	-754.984802
9264.917049	-492.398621	-422.948578	-752.062500
9264.920387	-491.346558	-424.000580	-748.497314
9264.923771	-490.645233	-425.403290	-745.633484
9264.927143	-489.651642	-425.812347	-741.659241
9264.930399	-489.008789	-428.091736	-737.743408
9264.933691	-487.606079	-429.786652	-733.535339
9264.937020	-487.255402	-430.897125	-728.801270
9264.940400	-485.794281	-432.299835	-725.236084
9264.943707	-484.157837	-433.585632	-721.378723
9264.947039	-482.345978	-436.098785	-717.170593
9264.950433	-479.715942	-437.267670	-713.137939
9264.953759	-479.131470	-438.553436	-708.111633
9264.957022	-476.267700	-440.365295	-703.728210
9264.960344	-472.760925	-441.943298	-699.929260
9264.963713	-471.182953	-443.579803	-694.727600
9264.967036	-467.909973	-445.800720	-690.987122
9264.970370	-464.870850	-448.021637	-686.545288
9264.973812	-463.059021	-450.242554	-683.213928
9264.977091	-460.896545	-451.937469	-679.064270
9264.980359	-458.032715	-453.457031	-675.732910
9264.983705	-455.636475	-455.327301	-671.817078
9264.987007	-453.006439	-457.314423	-668.894775
9264.990369	-451.019257	-459.476929	-664.511414
9264.993718	-447.103424	-461.230255	-659.952637
9264.996617	-445.116302	-462.574493	-657.088806
9264.999971	-443.070709	-463.509644	-653.348328
9265.003283	-440.849792	-464.853882	-650.016907
9265.006621	-439.447083	-465.146088	-645.925781
9265.009917	-437.927490	-465.321411	-641.250122
9265.013258	-434.420807	-466.022797	-637.275818
9265.016584	-432.842804	-465.438354	-634.061340
9265.019926	-430.972534	-467.133270	-629.970154
9265.023257	-429.978973	-466.256561	-625.586792
9265.026622	-428.400909	-464.853882	-622.080017
9265.029911	-427.407379	-464.210968	-616.819946
9265.033275	-426.530670	-464.269409	-612.553467
9265.036614	-426.296875	-463.042084	-608.170105
9265.039947	-426.355347	-462.048492	-603.903503
9265.043260	-425.537140	-460.996521	-599.520142
9265.046586	-425.829346	-458.834015	-596.130310
9265.049935	-426.355347	-459.009338	-592.156006
9265.053252	-426.530670	-457.723541	-589.584473
9265.056587	-427.348907	-454.801300	-586.311462
9265.059909	-428.225586	-454.976624	-583.681458
9265.063248	-428.985382	-454.859711	-581.051392
9265.066602	-429.920502	-454.392181	-579.531799
9265.069964	-430.738770	-452.872589	-578.888916
9265.073323	-429.452972	-452.814117	-577.486206
9265.076585	-429.978973	-452.697266	-576.784912
9265.079919	-429.277618	-452.814117	-576.142029
9265.083249	-429.219177	-452.054321	-575.966675
9265.086576	-428.400909	-452.521912	-574.973083
9265.089917	-426.647583	-451.528320	-575.031555
9265.093261	-425.712463	-453.164795	-575.674438
9265.096595	-423.725281	-453.340118	-575.674438
9265.099930	-422.439514	-455.210388	-576.142029
9265.103256	-420.277039	-456.087097	-578.129150
9265.106581	-417.822327	-458.775543	-577.544678
9265.109913	-415.016968	-460.996521	-579.298096
9265.113266	-412.737579	-463.275848	-580.642334
9265.116579	-411.627136	-467.133270	-581.577454
9265.119914	-407.711304	-470.055511	-581.635864
9265.123247	-404.905914	-472.101105	-582.103455
9265.126571	-403.327881	-475.549377	-582.980103
9265.129952	-399.587372	-479.056091	-582.863220
9265.133259	-396.255981	-481.101685	-582.278748
9265.136650	-393.742828	-483.205719	-582.103455
9265.139903	-392.164825	-484.199310	-581.869629
9265.142848	-387.956726	-485.543518	-579.882507
9265.146573	-385.618927	-486.537109	-578.479797
9265.149487	-383.281097	-487.530670	-574.914673
9265.152820	-381.293976	-487.706024	-572.226135
9265.156156	-379.248383	-487.238434	-566.966125
9265.159477	-377.553497	-487.881348	-562.348877
9265.162814	-377.261261	-488.465820	-557.147278
9265.166151	-376.501465	-489.108673	-551.419617
9265.169482	-376.209229	-489.400940	-546.919373
9265.172836	-375.800110	-489.342468	-541.893005
9265.176141	-375.098785	-488.758026	-538.152527
9265.179474	-376.267670	-488.758026	-534.821106
9265.182813	-376.267670	-487.939819	-533.301514
9265.186152	-377.027466	-486.654022	-533.126221
9265.189491	-378.430145	-486.011108	-534.119812
9265.192830	-378.663940	-485.192841	-537.158936
9265.196143	-379.774414	-486.069550	-540.724121
9265.199476	-379.949738	-485.894226	-547.211548
9265.202809	-380.826416	-485.660431	-553.582092
9265.206141	-382.345978	-486.829346	-561.296875
9265.209473	-384.040894	-486.712433	-571.641724
9265.212811	-386.320282	-487.822876	-581.343628
9265.216148	-387.606079	-490.160736	-593.091125
9265.219479	-390.236115	-492.732300	-606.475159
9265.222809	-392.223236	-495.011688	-620.268250
9265.226138	-394.619537	-497.933929	-633.827576
9265.229477	-396.723541	-499.102844	-648.380493
9265.232807	-397.717102	-501.206909	-663.225586
9265.236138	-398.652252	-502.726471	-677.661560
9265.239466	-398.886047	-504.129150	-690.578003
9265.242803	-397.717102	-504.129150	-703.669800
9265.246141	-394.970215	-504.947388	-715.534180
9265.249470	-392.164825	-506.350067	-725.762146
9265.252805	-388.950317	-505.590271	-736.457581
9265.256182	-384.917603	-506.291656	-746.334900
9265.259508	-380.767975	-506.466980	-756.796570
9265.262807	-376.969025	-506.817657	-765.855652
9265.266135	-372.059601	-509.330780	-774.973083
9265.269468	-368.728241	-511.727081	-785.142639
9265.272821	-365.163055	-514.181824	-793.967834
9265.276142	-361.948547	-518.565186	-801.974854
9265.279464	-359.727631	-522.656372	-809.514343
9265.282803	-358.149628	-526.747498	-813.839233
9265.286134	-355.285797	-530.838745	-818.748657
9265.289474	-353.590881	-532.299866	-820.852661
9265.292798	-352.071320	-533.936340	-820.852661
9265.296134	-352.655731	-535.631226	-820.443604
9265.299463	-353.649323	-536.157227	-818.339539
9265.302827	-353.649323	-535.981873	-814.949707
9265.306135	-355.987152	-535.105225	-810.332581
9265.309468	-358.383392	-534.754578	-804.780212
9265.312798	-362.007019	-532.416748	-799.753906
9265.316135	-366.682648	-530.429626	-793.617126
9265.319467	-370.832245	-528.033386	-788.473999
9265.322846	-376.033905	-526.747498	-782.278748
9265.326139	-381.703094	-524.292847	-778.012268
9265.329468	-388.073639	-522.773254	-772.810608
9265.332796	-393.216827	-521.312073	-767.492126
9265.336130	-399.645813	-518.974304	-762.290466
9265.339465	-404.438324	-515.759827	-757.088806
9265.342796	-408.938629	-513.421997	-751.945618
9265.346163	-413.029785	-512.077759	-747.386902
9265.349468	-415.776764	-509.506165	-741.893005
9265.352797	-417.997681	-505.824066	-735.990051
9265.356127	-418.932800	-504.713593	-730.203979
9265.359469	-419.458801	-501.908234	-725.060730
9265.362800	-419.867920	-499.979523	-720.735779
9265.366129	-420.803040	-498.343048	-716.469299
9265.369459	-419.692596	-497.232605	-711.033875
9265.372794	-419.283447	-496.765076	-706.592041
9265.376123	-418.815857	-497.407928	-701.857971
9265.379464	-418.932800	-497.700195	-698.701904
9265.382795	-417.763885	-498.401520	-695.487427
9265.386124	-417.939209	-499.570435	-692.097595
9265.389471	-417.530090	-500.271759	-689.584473
9265.392833	-416.887207	-501.382233	-686.077759
9265.396127	-416.010498	-502.317352	-682.804749
9265.399453	-415.601410	-503.018677	-679.999390
9265.402790	-413.380463	-502.609558	-676.258911
9265.406119	-412.796051	-502.609558	-674.563965
9265.409460	-411.919342	-502.200470	-670.706604
9265.412788	-411.042664	-502.843353	-667.375183
9265.416119	-410.282867	-500.797760	-664.920532
9265.419459	-409.113953	-499.745758	-661.530701
9265.422789	-408.237274	-498.985992	-658.783691
9265.426157	-408.412628	-498.109283	-655.510803
9265.429455	-408.763275	-496.940399	-654.458740
9265.432794	-408.704834	-496.940399	-651.653381
9265.436121	-409.406219	-495.245483	-649.140259
9265.439450	-410.867340	-494.894806	-646.276428
9265.442787	-411.217987	-494.076569	-644.990662
9265.446117	-412.854462	-493.316772	-641.483948
9265.449456	-413.263580	-492.966095	-638.503235
9265.452786	-414.958496	-490.452942	-635.931580
9265.456137	-415.426086	-490.569855	-631.781982
9265.459451	-416.419617	-488.232025	-627.515442
9265.462778	-416.945618	-487.939819	-622.664490
9265.466118	-417.647003	-485.309753	-618.164185
9265.469487	-418.874329	-481.335480	-612.494995
9265.472787	-418.289886	-479.582092	-607.351807
9265.476133	-418.406799	-476.309174	-600.396851
9265.479451	-418.231445	-474.029816	-595.604309
9265.482785	-419.400330	-470.873749	-589.233765
9265.486111	-419.458801	-468.711243	-583.096985
9265.489450	-421.270569	-466.899475	-576.901794
9265.492778	-421.679718	-464.620087	-570.472839
9265.496112	-422.439514	-461.756256	-563.225586
9265.499453	-423.900635	-461.113373	-557.205750
9265.502777	-424.426636	-457.489746	-550.835205
9265.506112	-425.887787	-454.742828	-544.523071
9265.509450	-426.355347	-453.106384	-537.801819
9265.512804	-426.881348	-449.073639	-530.203979
9265.516108	-427.699585	-446.735840	-523.774963
9265.519450	-427.231995	-444.222656	-516.819946
9265.522775	-427.524261	-440.891296	-509.981903
9265.526166	-427.348907	-437.209259	-503.669830
9265.529448	-428.284058	-435.338989	-496.597900
9265.532778	-428.108704	-431.949158	-491.104065
9265.536114	-428.400909	-427.682617	-484.324402
9265.539441	-428.400909	-425.753937	-478.187653
9265.542776	-428.400909	-423.123901	-472.927551
9265.546114	-428.810059	-421.370514	-467.258331
9265.549442	-428.517853	-418.623627	-462.524261
9265.552775	-428.868500	-416.285767	-457.147308
9265.556106	-428.167114	-414.006409	-452.354797
9265.559444	-429.219177	-412.311523	-448.205170
9265.562777	-428.576263	-411.376404	-444.756866
9265.566112	-429.745178	-408.863220	-441.834625
9265.569440	-429.862030	-407.577454	-438.970795
9265.572774	-429.686707	-405.590271	-435.288757
9265.576109	-428.985382	-404.187592	-433.360046
9265.579438	-428.693176	-402.375824	-430.613129
9265.582771	-428.400909	-402.375824	-428.801270
9265.586105	-428.225586	-400.447113	-427.340149
9265.589440	-427.348907	-400.563965	-425.762146
9265.592794	-427.874908	-399.395111	-424.534790
9265.596111	-426.530670	-399.044403	-423.658112
9265.599469	-427.582703	-397.992401	-423.599640
9265.602771	-427.231995	-397.524841	-422.606079
9265.606112	-427.465790	-397.115692	-422.430725
9265.609440	-427.290466	-396.765045	-422.138519
9265.612768	-427.933380	-396.355927	-422.372314
9265.616097	-427.582703	-396.881927	-422.489197
9265.619434	-427.933380	-396.765045	-422.430725
9265.622765	-428.050262	-396.706604	-422.664520
9265.626097	-427.056671	-396.881927	-423.658112
9265.629433	-426.881348	-397.407928	-423.541199
9265.632762	-427.173584	-397.057281	-423.833435
9265.636099	-428.167114	-396.180573	-424.184113
9265.639440	-427.582703	-396.472809	-425.002380
9265.642785	-427.348907	-396.063721	-425.762146
9265.646098	-427.465790	-395.829926	-425.353027
9265.649436	-427.991791	-396.005249	-424.651703
9265.652766	-428.108704	-395.654572	-424.651703
9265.656093	-428.225586	-395.829926	-425.528351
9265.659435	-428.342499	-394.777893	-424.534790
9265.662762	-428.284058	-394.076569	-424.710114
9265.666101	-428.868500	-395.011688	-424.359436
9265.669425	-429.686707	-394.544128	-424.067230
9265.672764	-429.511383	-393.492096	-422.956787
9265.676095	-429.803619	-392.732300	-423.307465
9265.679435	-430.271179	-392.556976	-422.255402
9265.682766	-430.914093	-391.855652	-422.489197
9265.686096	-431.498535	-391.621857	-422.839874
9265.689430	-431.790741	-391.329620	-422.196991
9265.692761	-433.018127	-390.102264	-421.846313
9265.696092	-433.135010	-389.868500	-422.430725
9265.699426	-433.076538	-390.511383	-422.430725
9265.702757	-433.719452	-390.160736	-423.482788
9265.706093	-434.713043	-390.043823	-423.716583
9265.709431	-434.829926	-389.459381	-424.476318
9265.712758	-435.355927	-390.452942	-426.112823
9265.716091	-435.765045	-389.693176	-426.697296
9265.719424	-435.881927	-390.219177	-427.924622
9265.722754	-436.875519	-390.102264	-428.859741
9265.726095	-437.050842	-390.160736	-430.963776
9265.729443	-437.576843	-390.160736	-431.548248
9265.732758	-437.401520	-390.452942	-433.535370
9265.736096	-438.570435	-391.504944	-434.645813
9265.739428	-439.330231	-390.686737	-435.990082
9265.742760	-439.622437	-391.563416	-437.275879
9265.746084	-439.856201	-390.803619	-437.100525
9265.749421	-440.440674	-391.271179	-439.438385
9265.752753	-440.732880	-391.797180	-440.724152
9265.756088	-441.258942	-391.563416	-441.659302
9265.759424	-441.258942	-392.264740	-442.886627
9265.762755	-442.369385	-392.206299	-444.639984
9265.766101	-442.252472	-392.732300	-446.159576
9265.769416	-442.135590	-392.147858	-446.510254
9265.772787	-442.369385	-392.907654	-447.036255
9265.776087	-442.953857	-392.556976	-448.848053
9265.779423	-444.473389	-393.316772	-449.958496
9265.782756	-444.414978	-392.556976	-451.127411
9265.786080	-444.590302	-392.966095	-451.419678
9265.789418	-445.057831	-393.258331	-452.939209
9265.792748	-446.226746	-393.784332	-454.926392
9265.796084	-446.869690	-393.258331	-456.095306
9265.799418	-447.278748	-392.790771	-456.913513
9265.802748	-448.038544	-393.959656	-457.907074
9265.806080	-448.330811	-393.433655	-459.426666
9265.809415	-448.623016	-393.433655	-462.232056
9265.812747	-448.973663	-393.375214	-463.459381
9265.816110	-450.259521	-394.368805	-464.862091
9265.819415	-451.428375	-393.842773	-466.849213
9265.822755	-450.843933	-393.959656	-468.661041
9265.826086	-451.603729	-394.193451	-469.946838
9265.829416	-452.831085	-393.959656	-471.875519
9265.832748	-453.941559	-394.018097	-473.044434
9265.836085	-453.766235	-393.667450	-473.979553
