time (s)	coil I (A)	last det (V)	int current (uC)
2471.746866	1.164346	0.168728	634.568420
2471.747929	1.570891	0.168728	2304.425781
2471.748841	1.544817	0.168728	3713.298828
2471.749708	1.504460	0.168728	5017.666016
2471.750800	1.457974	0.168728	6609.773437
2471.751769	1.417815	0.168728	7983.636230
2471.752629	1.382849	0.168728	9172.886719
2471.753713	1.342108	0.168728	10627.732422
2471.754742	1.305275	0.168728	11970.860352
2471.755627	1.274143	0.168728	13098.476562
2471.756562	0.697632	0.168728	13750.762695
2471.757618	0.100847	0.168728	13857.256836
2471.758557	0.098405	0.168728	13949.659180
2471.759414	0.098361	0.168728	14033.954102
2471.760440	0.098489	0.168728	14135.003906
2471.761472	0.098408	0.168728	14236.561523
2471.762367	0.098353	0.168728	14324.587891
2471.763305	0.098441	0.168728	14416.925781
2471.764358	0.098375	0.168728	14520.514648
2471.765285	0.098324	0.168728	14611.661133
2471.766153	0.098353	0.168728	14697.032227
2472.755638	1.055925	0.185779	444.544586
2472.756598	1.561132	0.185779	1943.230835
2472.757651	1.548128	0.185779	3573.409180
2472.758588	1.506643	0.185779	4985.133789
2472.759460	1.466543	0.185779	6263.958984
2472.760538	1.422773	0.185779	7797.708496
2472.761531	1.382563	0.185779	9170.593750
2472.762433	1.348363	0.185779	10386.817383
2472.763418	1.313002	0.185779	11680.124023
2472.764468	1.276520	0.185779	13020.469727
2472.765367	0.797201	0.185779	13737.153320
2472.766225	0.112258	0.185779	13833.470703
2472.767325	0.098474	0.185779	13941.791992
2472.768317	0.098324	0.185779	14039.329102
2472.769198	0.098350	0.185779	14125.975586
2472.770191	0.098470	0.185779	14223.756836
2472.771244	0.098427	0.185779	14327.400391
2472.772118	0.098357	0.185779	14413.364258
2472.773004	0.098448	0.185779	14500.589844
2472.774112	0.098423	0.185779	14609.642578
2472.775064	0.098368	0.185779	14703.289062
2473.807034	1.059957	0.161803	448.361938
2473.808029	1.564980	0.161803	2005.517456
2473.808915	1.553221	0.161803	3381.671387
2473.809833	1.513315	0.161803	4770.895020
2473.810712	1.472867	0.161803	6065.545410
2473.811701	1.432368	0.161803	7482.157227
2473.812631	1.394506	0.161803	8779.047852
2473.813518	1.359855	0.161803	9985.239258
2473.814542	1.322527	0.161803	11339.506836
2473.815445	1.290165	0.161803	12504.525391
2473.816365	1.196228	0.161803	13605.054687
2473.817241	0.239736	0.161803	13815.063477
2473.818218	0.098291	0.161803	13911.093750
2473.819140	0.098328	0.161803	14001.751953
2473.820010	0.098335	0.161803	14087.303711
2473.821004	0.098357	0.161803	14185.070312
2473.821910	0.098317	0.161803	14274.145508
2473.822838	0.098353	0.161803	14365.416992
2473.823698	0.098416	0.161803	14450.054687
2473.824734	0.098309	0.161803	14551.903320
2473.825630	0.098328	0.161803	14640.004883
2474.815931	1.067897	0.172732	449.584534
2474.817015	1.567797	0.172732	2149.075928
2474.818009	1.545231	0.172732	3685.035156
2474.818896	1.505812	0.172732	5020.690430
2474.819897	1.461995	0.172732	6484.146973
2474.820951	1.418218	0.172732	7978.948242
2474.821849	1.381644	0.172732	9219.665039
2474.822711	1.347136	0.172732	10380.896484
2474.823831	1.308516	0.172732	11846.433594
2474.824805	1.274689	0.172732	13087.980469
2474.825671	0.782421	0.172732	13765.556641
2474.826725	0.104052	0.172732	13875.226562
2474.827772	0.098353	0.172732	13978.202148
2474.828647	0.098386	0.172732	14064.290039
2474.829571	0.098456	0.172732	14155.263672
2474.830649	0.098485	0.172732	14261.430664
2474.831595	0.098416	0.172732	14354.532227
2474.832463	0.098434	0.172732	14439.972656
2474.833482	0.098478	0.172732	14540.321289
2474.834517	0.098408	0.172732	14642.173828
2474.835412	0.098361	0.172732	14730.207031
2475.866950	1.178800	0.154125	666.022034
2475.867947	1.571100	0.154125	2232.408691
2475.868839	1.547530	0.154125	3612.805664
2475.869701	1.507258	0.154125	4912.062500
2475.870797	1.460940	0.154125	6513.252930
2475.871691	1.422766	0.154125	7785.206055
2475.872575	1.387375	0.154125	9011.646484
2475.873570	1.349615	0.154125	10354.513672
2475.874578	1.312449	0.154125	11677.461914
2475.875473	1.281548	0.154125	12824.447266
2475.876340	0.954686	0.154125	13652.160156
2475.877453	0.112639	0.154125	13777.527344
2475.878367	0.098317	0.154125	13867.388672
2475.879244	0.098364	0.154125	13953.654297
2475.880232	0.098555	0.154125	14051.026367
2475.881212	0.098346	0.154125	14147.405273
2475.882095	0.098394	0.154125	14234.287109
2475.882955	0.098562	0.154125	14319.050781
2475.884055	0.098496	0.154125	14427.396484
2475.884960	0.098430	0.154125	14516.475586
2475.885827	0.098390	0.154125	14601.779297
2476.874945	1.073873	0.171274	462.839386
2476.875808	1.560769	0.171274	1809.783081
2476.876922	1.549219	0.171274	3535.612793
2476.877893	1.505716	0.171274	4997.663574
2476.878776	1.466675	0.171274	6292.737305
2476.879804	1.424209	0.171274	7756.824219
2476.880845	1.382593	0.171274	9196.103516
2476.881739	1.347894	0.171274	10401.121094
2476.882640	1.314309	0.171274	11585.313477
2476.883719	1.277472	0.171274	12963.706055
2476.884686	0.771779	0.171274	13710.015625
2476.885550	0.110079	0.171274	13805.124023
2476.886599	0.098401	0.171274	13908.346680
2476.887619	0.098328	0.171274	14008.640625
2476.888498	0.098357	0.171274	14095.096680
2476.889435	0.098485	0.171274	14187.376953
2476.890516	0.098452	0.171274	14293.803711
2476.891434	0.098276	0.171274	14384.021484
2476.892301	0.098394	0.171274	14469.329102
2476.893337	0.098481	0.171274	14571.355469
2476.894361	0.098342	0.171274	14672.057617
2477.926190	1.153436	0.150246	622.855591
2477.927246	1.570507	0.150246	2281.310547
2477.928161	1.544689	0.150246	3694.700684
2477.929034	1.504047	0.150246	5007.733398
2477.930142	1.456652	0.150246	6621.703125
2477.931113	1.416306	0.150246	7996.936523
2477.931997	1.381216	0.150246	9217.931641
2477.932999	1.343232	0.150246	10563.850586
2477.934060	1.305388	0.150246	11948.867187
2477.934954	1.273927	0.150246	13087.757812
2477.935857	0.710702	0.150246	13729.521484
2477.936955	0.100602	0.150246	13839.982422
2477.937920	0.098379	0.150246	13934.917969
2477.938782	0.098463	0.150246	14019.792969
2477.939836	0.098448	0.150246	14123.557617
2477.940859	0.098324	0.150246	14224.142578
2477.941746	0.098386	0.150246	14311.411133
2477.942697	0.098375	0.150246	14404.965820
2477.943750	0.098397	0.150246	14508.578125
2477.944677	0.098328	0.150246	14599.727539
2477.945537	0.098361	0.150246	14684.317383
2478.934236	1.106030	0.162963	503.243805
2478.935114	1.563897	0.162963	1876.344971
2478.936123	1.552233	0.162963	3442.547852
2478.937160	1.506174	0.162963	5004.450684
2478.938075	1.465364	0.162963	6345.258789
2478.938936	1.427545	0.162963	7574.375000
2478.940033	1.385098	0.162963	9093.827148
2478.941022	1.346726	0.162963	10425.739258
2478.941917	1.314133	0.162963	11601.888672
2478.942920	1.279259	0.162963	12884.985352
2478.943974	0.740343	0.162963	13665.306641
2478.944867	0.106003	0.162963	13759.967773
2478.945753	0.098368	0.162963	13847.122070
2478.946850	0.098335	0.162963	13954.995117
2478.947807	0.098269	0.162963	14049.039062
2478.948675	0.098390	0.162963	14134.441406
2478.949712	0.098368	0.162963	14236.449219
2478.950740	0.098419	0.162963	14337.624023
2478.951634	0.098448	0.162963	14425.636719
2478.952578	0.098489	0.162963	14518.610352
2478.953633	0.098390	0.162963	14622.412109
2479.985596	1.090309	0.145621	464.471588
2479.986711	1.569342	0.145621	2214.288086
2479.987672	1.545311	0.145621	3699.332275
2479.988546	1.506010	0.145621	5015.584473
2479.989584	1.460156	0.145621	6531.226562
2479.990615	1.417551	0.145621	7992.721680
2479.991516	1.381406	0.145621	9237.369141
2479.992466	1.345635	0.145621	10515.722656
2479.993530	1.306674	0.145621	11906.023437
2479.994482	1.274015	0.145621	13118.885742
2479.995354	0.748301	0.145621	13771.404297
2479.996405	0.102678	0.145621	13879.319336
2479.997402	0.098280	0.145621	13977.304687
2479.998287	0.098335	0.145621	14064.331055
2479.999275	0.098529	0.145621	14161.677734
2480.000329	0.098295	0.145621	14265.280273
2480.001242	0.098419	0.145621	14355.136719
2480.002103	0.098394	0.145621	14439.853516
2480.003171	0.098470	0.145621	14545.019531
2480.004172	0.098386	0.145621	14643.503906
2480.005044	0.098459	0.145621	14729.360352
2480.992697	1.059507	0.156123	446.052338
2480.993752	1.566962	0.156123	2099.196777
2480.994633	1.551200	0.156123	3465.803955
2480.995513	1.512294	0.156123	4796.622559
2480.996400	1.470890	0.156123	6101.301758
2480.997444	1.428153	0.156123	7592.293457
2480.998337	1.391949	0.156123	8835.304687
2480.999223	1.358119	0.156123	10038.597656
2481.000213	1.322018	0.156123	11347.395508
2481.001149	1.288180	0.156123	12553.131836
2481.002074	1.163818	0.156123	13629.664062
2481.002951	0.210355	0.156123	13814.145508
2481.004002	0.098210	0.156123	13917.364258
2481.004882	0.098339	0.156123	14003.902344
2481.005752	0.098225	0.156123	14089.358398
2481.006724	0.098405	0.156123	14185.007812
2481.007663	0.098342	0.156123	14277.351562
2481.008581	0.098485	0.156123	14367.760742
2481.009463	0.098302	0.156123	14454.462891
2481.010480	0.098298	0.156123	14554.432617
2481.011374	0.098320	0.156123	14642.331055
2482.044362	1.079074	0.143619	469.397003
2482.045231	1.561974	0.143619	1826.752197
2482.046322	1.549263	0.143619	3516.997559
2482.047326	1.504263	0.143619	5027.277344
2482.048234	1.464551	0.143619	6357.089355
2482.049234	1.422836	0.143619	7779.924805
2482.050299	1.380758	0.143619	9250.431641
2482.051193	1.346206	0.143619	10453.939453
2482.052075	1.312976	0.143619	11611.984375
2482.053177	1.275626	0.143619	13017.724609
2482.054155	0.703026	0.143619	13705.284180
2482.055016	0.105776	0.143619	13796.357422
2482.056064	0.098459	0.143619	13899.542969
2482.057076	0.098427	0.143619	13999.150391
2482.057960	0.098394	0.143619	14086.129883
2482.058877	0.098313	0.143619	14176.283203
2482.059912	0.098419	0.143619	14278.147461
2482.060857	0.098331	0.143619	14371.070312
2482.061723	0.098320	0.143619	14456.215820
2482.062766	0.098452	0.143619	14558.901367
2482.063796	0.098320	0.143619	14660.170898
2483.050468	1.110839	0.153682	515.429138
2483.051348	1.564347	0.153682	1892.054443
2483.052345	1.552650	0.153682	3440.046875
2483.053390	1.506244	0.153682	5014.071777
2483.054301	1.465254	0.153682	6348.917969
2483.055163	1.427593	0.153682	7579.502930
2483.056238	1.385024	0.153682	9068.404297
2483.057241	1.346770	0.153682	10419.214844
2483.058139	1.314346	0.153682	11599.497070
2483.059127	1.279936	0.153682	12864.074219
2483.060198	0.744628	0.153682	13661.570312
2483.061092	0.105806	0.153682	13756.160156
2483.061979	0.098372	0.153682	13843.416016
2483.063077	0.098489	0.153682	13951.556641
2483.064027	0.098324	0.153682	14044.964844
2483.064893	0.098320	0.153682	14130.110352
2483.065929	0.098357	0.153682	14232.007812
2483.066951	0.098419	0.153682	14332.591797
2483.067854	0.098427	0.153682	14421.470703
2483.068782	0.098540	0.153682	14512.916016
2483.069846	0.098357	0.153682	14617.567383
2484.103459	1.145757	0.141295	588.919006
2484.104345	1.567288	0.141295	1977.535889
2484.105218	1.554313	0.141295	3334.450928
2484.106125	1.513451	0.141295	4707.150879
2484.107160	1.467733	0.141295	6226.254883
2484.108055	1.430281	0.141295	7506.356445
2484.108936	1.394729	0.141295	8735.112305
2484.109932	1.357097	0.141295	10086.781250
2484.110859	1.321670	0.141295	11311.968750
2484.111788	1.289418	0.141295	12509.837891
2484.112659	1.153993	0.141295	13514.965820
2484.113706	0.172540	0.141295	13695.615234
2484.114599	0.098199	0.141295	13783.307617
2484.115479	0.098331	0.141295	13869.838867
2484.116474	0.098383	0.141295	13967.729492
2484.117411	0.098353	0.141295	14059.886719
2484.118336	0.098364	0.141295	14150.874023
2484.119195	0.098287	0.141295	14235.302734
2484.120215	0.098309	0.141295	14335.578125
2484.121109	0.098386	0.141295	14423.535156
2484.121981	0.098372	0.141295	14509.315430
2485.107903	1.062048	0.146411	449.246429
2485.108911	1.563285	0.146411	2025.037720
2485.109972	1.546322	0.146411	3665.685303
2485.110852	1.505852	0.146411	4990.834961
2485.111721	1.465074	0.146411	6263.984375
2485.112830	1.420851	0.146411	7839.708008
2485.113803	1.382212	0.146411	9184.600586
2485.114674	1.348806	0.146411	10359.411133
2485.115702	1.311280	0.146411	11707.407227
2485.116743	1.275311	0.146411	13035.005859
2485.117647	0.773060	0.146411	13733.852539
2485.118582	0.109537	0.146411	13836.269531
2485.119644	0.098437	0.146411	13940.810547
2485.120587	0.098309	0.146411	14033.516602
2485.121459	0.098478	0.146411	14119.389648
2485.122521	0.098518	0.146411	14224.015625
2485.123535	0.098328	0.146411	14323.719727
2485.124427	0.098361	0.146411	14411.457031
2485.125380	0.098350	0.146411	14505.184570
2485.126421	0.098481	0.146411	14607.704102
2485.127342	0.098361	0.146411	14698.293945
2486.161597	1.068226	0.138435	456.132660
2486.162604	1.564823	0.138435	2031.909424
2486.163597	1.547963	0.138435	3569.036377
2486.164497	1.508111	0.138435	4926.336914
2486.165360	1.467949	0.138435	6193.177246
2486.166468	1.423663	0.138435	7770.596191
2486.167376	1.386449	0.138435	9029.492187
2486.168260	1.352802	0.138435	10225.369141
2486.169272	1.316049	0.138435	11557.209961
2486.170266	1.280969	0.138435	12830.493164
2486.171149	0.990392	0.138435	13705.008789
2486.172163	0.131814	0.138435	13838.667969
2486.173225	0.098346	0.138435	13943.111328
2486.174103	0.098232	0.138435	14029.359375
2486.174962	0.098265	0.138435	14113.769531
2486.176023	0.098452	0.138435	14218.227539
2486.176978	0.098177	0.138435	14311.987305
2486.177850	0.098342	0.138435	14397.742187
2486.178711	0.098350	0.138435	14482.420898
2486.179814	0.098397	0.138435	14590.953125
2486.180723	0.098225	0.138435	14680.239258
2487.164859	1.084673	0.141794	458.816589
2487.165960	1.568672	0.141794	2185.924316
2487.166934	1.545341	0.141794	3691.085937
2487.167801	1.506449	0.141794	4997.177246
2487.168837	1.460746	0.141794	6510.509766
2487.169877	1.417983	0.141794	7985.212402
2487.170763	1.381758	0.141794	9209.450195
2487.171692	1.346517	0.141794	10460.365234
2487.172747	1.308278	0.141794	11840.597656
2487.173694	1.275546	0.141794	13048.539062
2487.174562	0.822726	0.141794	13762.665039
2487.175605	0.105630	0.141794	13872.836914
2487.176629	0.098302	0.141794	13973.498047
2487.177504	0.098346	0.141794	14059.550781
2487.178467	0.098324	0.141794	14154.236328
2487.179513	0.098309	0.141794	14257.068359
2487.180443	0.098353	0.141794	14348.537109
2487.181305	0.098258	0.141794	14433.235352
2487.182376	0.098390	0.141794	14538.611328
2487.183379	0.098317	0.141794	14637.222656
2487.184272	0.098353	0.141794	14725.051758
2488.219890	1.123909	0.138318	538.352234
2488.220768	1.565435	0.138318	1912.803711
2488.221753	1.552126	0.138318	3441.648193
2488.222817	1.504775	0.138318	5042.729492
2488.223741	1.463573	0.138318	6395.070801
2488.224603	1.426476	0.138318	7624.692871
2488.225690	1.383970	0.138318	9129.068359
2488.226689	1.345723	0.138318	10473.445312
2488.227567	1.313617	0.138318	11626.800781
2488.228578	1.279142	0.138318	12920.013672
2488.229632	0.725076	0.138318	13684.243164
2488.230510	0.105143	0.138318	13776.558594
2488.231380	0.098276	0.138318	13862.058594
2488.232475	0.098394	0.138318	13969.799805
2488.233449	0.098309	0.138318	14065.552734
2488.234315	0.098339	0.138318	14150.713867
2488.235363	0.098390	0.138318	14253.826172
2488.236402	0.098236	0.138318	14355.893555
2488.237294	0.098383	0.138318	14443.650391
2488.238206	0.098427	0.138318	14533.415039
2488.239276	0.098306	0.138318	14638.602539
2489.223874	1.063488	0.132843	455.172668
2489.224741	1.561487	0.132843	1808.981689
2489.225758	1.552775	0.132843	3388.153564
2489.226724	1.510723	0.132843	4847.511719
2489.227610	1.470557	0.132843	6150.424805
2489.228504	1.432046	0.132843	7430.673828
2489.229600	1.389547	0.132843	8953.617187
2489.230491	1.354658	0.132843	10160.617187
2489.231358	1.322443	0.132843	11307.174805
2489.232394	1.286268	0.132843	12639.749023
2489.233361	1.060195	0.132843	13664.958008
2489.234240	0.159408	0.132843	13805.077148
2489.235096	0.098280	0.132843	13889.205078
2489.236194	0.098328	0.132843	13997.168945
2489.237081	0.098331	0.132843	14084.388672
2489.237967	0.098390	0.132843	14171.562500
2489.238964	0.098364	0.132843	14269.631836
2489.239965	0.098269	0.132843	14367.999023
2489.240857	0.098339	0.132843	14455.716797
2489.241718	0.098401	0.132843	14540.440430
2489.242805	0.098375	0.132843	14647.374023
2490.277567	1.068069	0.135139	453.929260
2490.278597	1.566577	0.135139	2067.503662
2490.279628	1.545780	0.135139	3661.202881
2490.280531	1.505486	0.135139	5020.656738
2490.281486	1.463339	0.135139	6418.145020
2490.282536	1.419360	0.135139	7908.473145
2490.283471	1.381853	0.135139	9200.505859
2490.284340	1.347938	0.135139	10371.864258
2490.285428	1.309446	0.135139	11796.541016
2490.286439	1.274161	0.135139	13084.717773
2490.287322	0.760931	0.135139	13756.620117
2490.288315	0.108025	0.135139	13863.888672
2490.289366	0.098445	0.135139	13967.354492
2490.290264	0.098416	0.135139	14055.731445
2490.291121	0.098397	0.135139	14140.057617
2490.292190	0.098427	0.135139	14245.275391
2490.293184	0.098335	0.135139	14343.020508
2490.294080	0.098309	0.135139	14431.105469
2490.295054	0.098383	0.135139	14526.929687
2490.296098	0.098492	0.135139	14629.755859
2490.296996	0.098342	0.135139	14718.067383
2491.281433	1.125267	0.125568	584.013733
2491.282495	1.569825	0.125568	2251.168213
2491.283430	1.544275	0.125568	3695.065186
2491.284299	1.504179	0.125568	5002.196289
2491.285385	1.457538	0.125568	6585.082520
2491.286379	1.415907	0.125568	7992.494141
2491.287291	1.379769	0.125568	9250.843750
2491.288298	1.342137	0.125568	10602.375977
2491.289332	1.304769	0.125568	11951.507812
2491.290225	1.273381	0.125568	13088.637695
2491.291091	0.731180	0.125568	13721.839844
2491.292197	0.101492	0.125568	13834.089844
2491.293153	0.098276	0.125568	13928.041992
2491.294014	0.098251	0.125568	14012.635742
2491.295070	0.098412	0.125568	14116.558594
2491.296108	0.098317	0.125568	14218.611328
2491.296991	0.098309	0.125568	14305.418945
2491.297883	0.098339	0.125568	14393.136719
2491.298962	0.098416	0.125568	14499.327148
2491.299924	0.098313	0.125568	14593.904297
2491.300791	0.098276	0.125568	14679.110352
2492.333760	1.071500	0.129911	460.745087
2492.334625	1.561183	0.129911	1811.168335
2492.335709	1.549753	0.129911	3491.101074
2492.336643	1.508302	0.129911	4899.855469
2492.337530	1.468843	0.129911	6202.718750
2492.338510	1.428215	0.129911	7602.369629
2492.339530	1.386592	0.129911	9016.693359
2492.340428	1.352150	0.129911	10230.923828
2492.341297	1.319172	0.129911	11377.285156
2492.342403	1.282094	0.129911	12795.280273
2492.343336	0.962161	0.129911	13692.976562
2492.344210	0.133228	0.129911	13809.416992
2492.345210	0.098331	0.129911	13907.748047
2492.346210	0.098324	0.129911	14006.072266
2492.347099	0.098353	0.129911	14093.508789
2492.347958	0.098423	0.129911	14178.053711
2492.349045	0.098361	0.129911	14284.971680
2492.349958	0.098317	0.129911	14374.734375
2492.350828	0.098408	0.129911	14460.349609
2492.351800	0.098350	0.129911	14555.945312
2492.352812	0.098225	0.129911	14655.348633
2493.340346	1.061352	0.119417	446.829407
2493.341337	1.562098	0.119417	1994.868896
2493.342398	1.546139	0.119417	3635.322266
2493.343308	1.505142	0.119417	5005.000977
2493.344178	1.464730	0.119417	6279.316406
2493.345283	1.420320	0.119417	7848.769531
2493.346253	1.381245	0.119417	9188.577148
2493.347144	1.347682	0.119417	10389.361328
2493.348140	1.311727	0.119417	11695.841797
2493.349189	1.275520	0.119417	13033.862305
2493.350094	0.772181	0.119417	13732.686523
2493.350976	0.109849	0.119417	13829.573242
2493.352071	0.098350	0.119417	13937.265625
2493.353031	0.098324	0.119417	14031.656250
2493.353895	0.098423	0.119417	14116.693359
2493.354921	0.098434	0.119417	14217.686523
2493.355938	0.098533	0.119417	14317.894531
2493.356814	0.098540	0.119417	14404.215820
2493.357743	0.098434	0.119417	14495.661133
2493.358800	0.098423	0.119417	14599.694336
2493.359740	0.098361	0.119417	14692.153320
2494.390462	1.063912	0.123437	453.226685
2494.391520	1.567148	0.123437	2111.269775
2494.392558	1.544608	0.123437	3714.572998
2494.393438	1.504354	0.123437	5038.404785
2494.394391	1.462343	0.123437	6432.017090
2494.395441	1.418331	0.123437	7921.264648
2494.396379	1.381073	0.123437	9216.710937
2494.397250	1.347253	0.123437	10390.168945
2494.398301	1.309563	0.123437	11766.519531
2494.399314	1.274495	0.123437	13057.582031
2494.400213	0.761792	0.123437	13742.432617
2494.401174	0.108538	0.123437	13846.737305
2494.402227	0.098408	0.123437	13950.361328
2494.403149	0.098441	0.123437	14041.124023
2494.404010	0.098478	0.123437	14125.913086
2494.405096	0.098566	0.123437	14232.955078
2494.406080	0.098306	0.123437	14329.687500
2494.406971	0.098416	0.123437	14417.375977
2494.407959	0.098492	0.123437	14514.686523
2494.409000	0.098416	0.123437	14617.136719
2494.409898	0.098375	0.123437	14705.477539
2495.398972	1.183956	0.116988	639.336365
2495.399872	1.568980	0.116988	2051.417969
2495.400752	1.552364	0.116988	3417.498535
2495.401649	1.511514	0.116988	4773.326172
2495.402675	1.466254	0.116988	6277.702148
2495.403602	1.427985	0.116988	7601.443848
2495.404486	1.392279	0.116988	8832.218750
2495.405508	1.354175	0.116988	10216.185547
2495.406419	1.319282	0.116988	11418.051758
2495.407351	1.287056	0.116988	12617.587891
2495.408211	1.099493	0.116988	13563.152344
2495.409243	0.151586	0.116988	13719.588867
2495.410136	0.098262	0.116988	13807.336914
2495.411011	0.098342	0.116988	13893.386719
2495.411995	0.098441	0.116988	13990.252930
2495.412938	0.098313	0.116988	14082.961914
2495.413863	0.098368	0.116988	14173.952148
2495.414731	0.098302	0.116988	14259.278320
2495.415760	0.098383	0.116988	14360.513672
2495.416643	0.098331	0.116988	14447.339844
2495.417527	0.098350	0.116988	14534.281250
2496.445903	1.102079	0.120239	486.016754
2496.446793	1.564252	0.120239	1878.200806
2496.447783	1.552006	0.120239	3414.686279
2496.448854	1.505486	0.120239	5027.061523
2496.449751	1.464847	0.120239	6341.029785
2496.450634	1.426542	0.120239	7600.666016
2496.451743	1.383409	0.120239	9134.867187
2496.452702	1.346938	0.120239	10426.581055
2496.453572	1.314884	0.120239	11570.530273
2496.454635	1.278109	0.120239	12929.160156
2496.455668	0.717850	0.120239	13670.699219
2496.456565	0.104861	0.120239	13764.759766
2496.457518	0.098434	0.120239	13858.567383
2496.458553	0.098335	0.120239	13960.343750
2496.459474	0.098335	0.120239	14050.910156
2496.460333	0.098364	0.120239	14135.405273
2496.461375	0.098452	0.120239	14237.992187
2496.462401	0.098295	0.120239	14338.842773
2496.463281	0.098397	0.120239	14425.432617
2496.464253	0.098379	0.120239	14521.056641
2496.465307	0.098394	0.120239	14624.763672
2497.458924	1.114559	0.109862	524.957397
2497.459801	1.564929	0.109862	1897.400269
2497.460748	1.553500	0.109862	3368.564453
2497.461806	1.506691	0.109862	4962.643066
2497.462743	1.464983	0.109862	6335.332031
2497.463616	1.427736	0.109862	7581.745117
2497.464682	1.385149	0.109862	9058.313477
2497.465702	1.346360	0.109862	10431.600586
2497.466593	1.314027	0.109862	11602.398437
2497.467575	1.280288	0.109862	12859.641602
2497.468640	0.742284	0.109862	13650.173828
2497.469560	0.105011	0.109862	13746.784180
2497.470422	0.098379	0.109862	13831.586914
2497.471522	0.098434	0.109862	13939.864258
2497.472474	0.098317	0.109862	14033.461914
2497.473355	0.098350	0.109862	14120.108398
2497.474366	0.098533	0.109862	14219.724609
2497.475425	0.098379	0.109862	14323.908203
2497.476321	0.098430	0.109862	14412.101562
2497.477202	0.098276	0.109862	14498.682617
2497.478290	0.098430	0.109862	14605.774414
2498.501329	1.088683	0.114478	488.818604
2498.502383	1.570346	0.114478	2143.962891
2498.503280	1.549054	0.114478	3533.464355
2498.504160	1.510195	0.114478	4862.436035
2498.505180	1.465569	0.114478	6357.316406
2498.506095	1.425956	0.114478	7662.065918
2498.507024	1.388947	0.114478	8952.397461
2498.507890	1.354479	0.114478	10125.375977
2498.508943	1.317144	0.114478	11512.328125
2498.509830	1.285822	0.114478	12652.851562
2498.510703	1.140784	0.114478	13648.755859
2498.511697	0.179561	0.114478	13827.239258
2498.512625	0.098126	0.114478	13918.300781
2498.513541	0.098383	0.114478	14008.418945
2498.514417	0.098350	0.114478	14094.573242
2498.515464	0.098375	0.114478	14197.572266
2498.516359	0.098335	0.114478	14285.582031
2498.517238	0.098361	0.114478	14372.041016
2498.518184	0.098353	0.114478	14465.083008
2498.519153	0.098394	0.114478	14560.426758
2498.520067	0.098298	0.114478	14650.271484
2499.517734	1.163833	0.107260	602.865479
2499.518752	1.570459	0.107260	2201.592773
2499.519638	1.547904	0.107260	3573.035645
2499.520614	1.505277	0.107260	5042.186035
2499.521668	1.458376	0.107260	6579.314941
2499.522594	1.419675	0.107260	7893.934082
2499.523455	1.384087	0.107260	9085.632812
2499.524533	1.344203	0.107260	10534.683594
2499.525523	1.307981	0.107260	11829.584961
2499.526408	1.277271	0.107260	12959.969727
2499.527398	0.736996	0.107260	13689.595703
2499.528458	0.102345	0.107260	13798.081055
2499.529347	0.098427	0.107260	13885.582031
2499.530218	0.098258	0.107260	13971.165039
2499.531302	0.098339	0.107260	14077.763672
2499.532273	0.098306	0.107260	14173.218750
2499.533158	0.098324	0.107260	14260.235352
2499.534153	0.098394	0.107260	14358.136719
2499.535204	0.098375	0.107260	14461.529297
2499.536096	0.098357	0.107260	14549.263672
2499.536967	0.098317	0.107260	14634.897461
2500.557399	1.200868	0.110825	696.503357
2500.558456	1.570466	0.110825	2356.486328
2500.559340	1.544026	0.110825	3721.405273
2500.560223	1.502424	0.110825	5048.045898
2500.561348	1.455190	0.110825	6685.135254
2500.562298	1.415658	0.110825	8030.010254
2500.563162	1.380864	0.110825	9223.077148
2500.564182	1.342013	0.110825	10591.930664
2500.565225	1.304711	0.110825	11952.744141
2500.566120	1.273634	0.110825	13092.646484
2500.567075	0.677681	0.110825	13739.832031
2500.568135	0.100173	0.110825	13846.015625
2500.569076	0.098364	0.110825	13938.576172
2500.569944	0.098335	0.110825	14023.930664
2500.570999	0.098500	0.110825	14127.847656
2500.572015	0.098437	0.110825	14227.860352
2500.572911	0.098335	0.110825	14315.968750
2500.573882	0.098478	0.110825	14411.590820
2500.574940	0.098405	0.110825	14515.703125
2500.575861	0.098401	0.110825	14606.330078
2500.576722	0.098463	0.110825	14691.106445
2501.576178	1.105122	0.102115	526.038086
2501.577060	1.565215	0.102115	1906.557617
2501.578039	1.552478	0.102115	3426.433594
2501.578957	1.510499	0.102115	4813.071777
2501.579882	1.469509	0.102115	6172.367676
2501.580766	1.432104	0.102115	7438.348145
2501.581789	1.391041	0.102115	8861.383789
2501.582690	1.356017	0.102115	10083.155273
2501.583619	1.322234	0.102115	11311.510742
2501.584491	1.291165	0.102115	12437.406250
2501.585456	1.171904	0.102115	13568.293945
2501.586408	0.199567	0.102115	13758.281250
2501.587295	0.098258	0.102115	13845.436523
2501.588293	0.098317	0.102115	13943.556641
2501.589187	0.098265	0.102115	14031.406250
2501.590103	0.098383	0.102115	14121.524414
2501.590960	0.098386	0.102115	14205.841797
2501.591994	0.098335	0.102115	14307.520508
2501.592881	0.098375	0.102115	14394.779297
2501.593758	0.098350	0.102115	14481.032227
2501.594740	0.098401	0.102115	14577.662109
2502.612183	1.093033	0.108504	483.120789
2502.613053	1.562736	0.108504	1842.700684
2502.614119	1.549665	0.108504	3494.644043
2502.615134	1.504746	0.108504	5021.961426
2502.616015	1.465302	0.108504	6312.892090
2502.617008	1.424824	0.108504	7727.742676
2502.618071	1.381985	0.108504	9196.792969
2502.618986	1.346547	0.108504	10428.882812
2502.619849	1.313760	0.108504	11562.657227
2502.620941	1.277208	0.108504	12957.368164
2502.621944	0.722194	0.108504	13681.728516
2502.622820	0.105945	0.108504	13774.536133
2502.623821	0.098394	0.108504	13873.028320
2502.624874	0.098317	0.108504	13976.555664
2502.625770	0.098331	0.108504	14064.660156
2502.626631	0.098328	0.108504	14149.320312
2502.627745	0.098434	0.108504	14258.975586
2502.628710	0.098361	0.108504	14353.893555
2502.629579	0.098383	0.108504	14439.387695
2502.630626	0.098408	0.108504	14542.420898
2502.631666	0.098452	0.108504	14644.811523
2503.635904	1.067281	0.093040	453.594635
2503.636880	1.561732	0.093040	1977.845215
2503.637934	1.547000	0.093040	3608.382812
2503.638857	1.505610	0.093040	4998.061035
2503.639718	1.466283	0.093040	6260.530762
2503.640785	1.422766	0.093040	7778.622070
2503.641788	1.382252	0.093040	9165.021484
2503.642673	1.348506	0.093040	10358.449219
2503.643674	1.312888	0.093040	11672.650391
2503.644722	1.276362	0.093040	13010.278320
2503.645625	0.803163	0.093040	13735.534180
2503.646481	0.112368	0.093040	13831.721680
2503.647574	0.098547	0.093040	13939.433594
2503.648562	0.098309	0.093040	14036.563477
2503.649426	0.098437	0.093040	14121.613281
2503.650492	0.098558	0.093040	14226.676758
2503.651531	0.098383	0.093040	14328.896484
2503.652423	0.098346	0.093040	14416.621094
2503.653310	0.098386	0.093040	14503.889648
2503.654403	0.098390	0.093040	14611.429687
2503.655349	0.098353	0.093040	14704.471680
2504.666631	1.100409	0.109580	552.405273
2504.667686	1.569111	0.109580	2207.817871
2504.668636	1.544641	0.109580	3675.227051
2504.669503	1.505207	0.109580	4980.242187
2504.670571	1.458622	0.109580	6538.050293
2504.671596	1.416178	0.109580	7989.632812
2504.672483	1.380652	0.109580	9214.271484
2504.673463	1.344265	0.109580	10531.651367
2504.674505	1.306073	0.109580	11892.579102
2504.675420	1.273953	0.109580	13058.246094
2504.676327	0.721996	0.109580	13713.096680
2504.677217	0.105802	0.109580	13807.260742
2504.678163	0.098291	0.109580	13900.244141
2504.679107	0.098251	0.109580	13992.993164
2504.680033	0.098298	0.109580	14084.017578
2504.680915	0.098372	0.109580	14170.781250
2504.681890	0.098324	0.109580	14266.647461
2504.682811	0.098203	0.109580	14357.092773
2504.683689	0.098258	0.109580	14443.363281
2504.684831	0.098456	0.109580	14555.799805
2504.685723	0.098416	0.109580	14643.586914
2505.694488	1.147141	0.091227	585.041931
2505.695396	1.568397	0.091227	2009.146484
2505.696260	1.552031	0.091227	3350.101562
2505.697371	1.504658	0.091227	5021.776855
2505.698344	1.461211	0.091227	6443.535156
2505.699224	1.424806	0.091227	7697.364258
2505.700252	1.384149	0.091227	9120.269531
2505.701302	1.344276	0.091227	10531.759766
2505.702191	1.311486	0.091227	11697.669922
2505.703093	1.279362	0.091227	12851.654297
2505.704185	0.722600	0.091227	13640.733398
2505.705122	0.103315	0.091227	13737.540039
2505.705994	0.098317	0.091227	13823.272461
2505.707018	0.098485	0.091227	13924.121094
2505.708042	0.098295	0.091227	14024.774414
2505.708937	0.098372	0.091227	14112.817383
2505.709873	0.098368	0.091227	14204.889648
2505.710945	0.098489	0.091227	14310.469727
2505.711881	0.098353	0.091227	14402.528320
2505.712744	0.098346	0.091227	14487.400391
2505.713824	0.098350	0.091227	14593.618164
2506.721491	1.096366	0.107687	490.075623
2506.722375	1.563640	0.107687	1872.333496
2506.723252	1.556726	0.107687	3237.582275
2506.724276	1.513125	0.107687	4787.022461
2506.725211	1.470190	0.107687	6161.650391
2506.726094	1.433075	0.107687	7427.055664
2506.727087	1.393792	0.107687	8811.090820
2506.728101	1.353831	0.107687	10183.875000
2506.728992	1.321066	0.107687	11360.944336
2506.729864	1.289974	0.107687	12485.801758
2506.730852	1.105019	0.107687	13577.560547
2506.731790	0.175444	0.107687	13742.126953
2506.732704	0.098174	0.107687	13831.857422
2506.733581	0.098313	0.107687	13918.078125
2506.734624	0.098254	0.107687	14020.557617
2506.735513	0.098328	0.107687	14107.970703
2506.736392	0.098394	0.107687	14194.458984
2506.737336	0.098273	0.107687	14287.228516
2506.738321	0.098251	0.107687	14384.005859
2506.739200	0.098386	0.107687	14470.487305
2506.740080	0.098364	0.107687	14557.047852
2507.753768	1.161028	0.081426	601.412415
2507.754783	1.570551	0.081426	2195.521240
2507.755669	1.548102	0.081426	3567.139404
2507.756649	1.504014	0.081426	5041.072754
2507.757737	1.457296	0.081426	6626.610840
2507.758613	1.419664	0.081426	7870.236816
2507.759512	1.382629	0.081426	9113.220703
2507.760609	1.342145	0.081426	10585.553711
2507.761569	1.307618	0.081426	11840.867187
2507.762440	1.277271	0.081426	12953.370117
2507.763465	0.701265	0.081426	13672.166016
2507.764500	0.101210	0.081426	13776.917969
2507.765394	0.098339	0.081426	13864.833008
2507.766329	0.098390	0.081426	13956.827148
2507.767395	0.098445	0.081426	14061.769531
2507.768334	0.098353	0.081426	14154.123047
2507.769197	0.098350	0.081426	14238.999023
2507.770254	0.098405	0.081426	14343.012695
2507.771266	0.098339	0.081426	14442.531250
2507.772161	0.098361	0.081426	14530.564453
2507.773119	0.098492	0.081426	14624.919922
2508.776743	1.159603	0.105044	600.674500
2508.777783	1.570192	0.105044	2233.673828
2508.778671	1.546736	0.105044	3607.175293
2508.779634	1.504365	0.105044	5055.878906
2508.780695	1.457428	0.105044	6602.209961
2508.781626	1.418588	0.105044	7922.915039
2508.782490	1.383098	0.105044	9117.912109
2508.783569	1.343163	0.105044	10567.184570
2508.784576	1.306399	0.105044	11882.728516
2508.785462	1.275846	0.105044	13013.127930
2508.786455	0.683602	0.105044	13691.945312
2508.787526	0.100902	0.105044	13800.011719
2508.788417	0.098353	0.105044	13887.644531
2508.789286	0.098353	0.105044	13973.113281
2508.790367	0.098525	0.105044	14079.619141
2508.791356	0.098298	0.105044	14176.835937
2508.792252	0.098207	0.105044	14264.829102
2508.793231	0.098361	0.105044	14361.124023
2508.794291	0.098280	0.105044	14465.300781
2508.795181	0.098375	0.105044	14552.854492
2508.796056	0.098269	0.105044	14638.839844
2509.811937	1.089012	0.077893	499.856689
2509.812836	1.566042	0.077893	1907.728882
2509.813788	1.552877	0.077893	3386.067871
2509.814768	1.509558	0.077893	4865.434570
2509.815689	1.468491	0.077893	6217.915039
2509.816559	1.431431	0.077893	7463.259766
2509.817603	1.389924	0.077893	8914.340820
2509.818491	1.355471	0.077893	10117.999023
2509.819372	1.322974	0.077893	11283.539062
2509.820293	1.289813	0.077893	12471.457031
2509.821298	1.128787	0.077893	13605.887695
2509.822231	0.176561	0.077893	13770.619141
2509.823107	0.098306	0.077893	13856.735352
2509.824138	0.098335	0.077893	13958.119141
2509.825047	0.098386	0.077893	14047.551758
2509.825927	0.098427	0.077893	14134.166992
2509.826787	0.098408	0.077893	14218.797852
2509.827847	0.098295	0.077893	14322.990234
2509.828736	0.098357	0.077893	14410.429687
2509.829612	0.098331	0.077893	14496.568359
2509.830611	0.098445	0.077893	14594.915039
2510.831559	1.081743	0.105829	470.558258
2510.832423	1.561278	0.105829	1819.502563
2510.833525	1.548637	0.105829	3526.100098
2510.834495	1.505325	0.105829	4986.265137
2510.835384	1.466052	0.105829	6289.585449
2510.836398	1.424059	0.105829	7733.581055
2510.837448	1.382465	0.105829	9185.168945
2510.838339	1.347671	0.105829	10385.943359
2510.839230	1.314016	0.105829	11556.731445
2510.840323	1.277249	0.105829	12952.763672
2510.841288	0.780652	0.105829	13706.092773
2510.842152	0.110713	0.105829	13801.749023
2510.843180	0.098416	0.105829	13902.919922
2510.844210	0.098434	0.105829	14004.306641
2510.845086	0.098401	0.105829	14090.505859
2510.845999	0.098463	0.105829	14180.402344
2510.847058	0.098459	0.105829	14284.670898
2510.848000	0.098427	0.105829	14377.388672
2510.848866	0.098496	0.105829	14462.686523
2510.849896	0.098361	0.105829	14563.998047
2510.850915	0.098405	0.105829	14664.272461
2511.869176	1.100438	0.079061	529.310791
2511.870242	1.568855	0.079061	2201.710205
2511.871203	1.544641	0.079061	3686.110352
2511.872070	1.505270	0.079061	4991.179199
2511.873126	1.459336	0.079061	6532.237793
2511.874153	1.416456	0.079061	7986.938477
2511.875045	1.381000	0.079061	9218.790039
2511.876019	1.344467	0.079061	10528.300781
2511.877077	1.305813	0.079061	11909.851562
2511.878005	1.273524	0.079061	13091.681641
2511.878868	0.750688	0.079061	13739.525391
2511.879917	0.102521	0.079061	13847.069336
2511.880917	0.098456	0.079061	13945.525391
2511.881808	0.098437	0.079061	14033.233398
2511.882787	0.098412	0.079061	14129.578125
2511.883837	0.098459	0.079061	14232.960937
2511.884754	0.098335	0.079061	14323.133789
2511.885618	0.098445	0.079061	14408.190430
2511.886702	0.098617	0.079061	14515.090820
2511.887685	0.098481	0.079061	14611.898437
2511.888582	0.098390	0.079061	14700.154297
2512.887766	1.082747	0.107074	478.573944
2512.888638	1.562322	0.107074	1840.918579
2512.889512	1.557177	0.107074	3201.890869
2512.890452	1.517076	0.107074	4627.942383
2512.891404	1.472787	0.107074	6030.035645
2512.892338	1.434089	0.107074	7369.475098
2512.893208	1.397318	0.107074	8585.141602
2512.894256	1.358016	0.107074	10008.342773
2512.895158	1.324519	0.107074	11203.058594
2512.896044	1.293391	0.107074	12349.002930
2512.897065	1.188977	0.107074	13562.948242
2512.897981	0.222946	0.107074	13767.166016
2512.898903	0.098280	0.107074	13857.780273
2512.899762	0.098412	0.107074	13942.316406
2512.900800	0.098335	0.107074	14044.387695
2512.901676	0.098383	0.107074	14130.571289
2512.902555	0.098441	0.107074	14217.100586
2512.903510	0.098419	0.107074	14311.090820
2512.904459	0.098463	0.107074	14404.532227
2512.905374	0.098500	0.107074	14494.659180
2512.906249	0.098434	0.107074	14580.789062
2513.926690	1.155341	0.074171	592.689697
2513.927645	1.569796	0.074171	2091.845215
2513.928511	1.551383	0.074171	3435.343018
2513.929560	1.505361	0.074171	5014.466797
2513.930596	1.459724	0.074171	6526.741211
2513.931475	1.422488	0.074171	7777.107910
2513.932416	1.384849	0.074171	9080.250000
2513.933472	1.344331	0.074171	10499.863281
2513.934417	1.310284	0.074171	11738.082031
2513.935287	1.279373	0.074171	12851.136719
2513.936340	0.755211	0.074171	13646.374023
2513.937357	0.102451	0.074171	13750.566406
2513.938250	0.098416	0.074171	13838.451172
2513.939221	0.098427	0.074171	13934.023437
2513.940273	0.098489	0.074171	14037.633789
2513.941200	0.098320	0.074171	14128.776367
2513.942061	0.098339	0.074171	14213.446289
2513.943157	0.098507	0.074171	14321.410156
2513.944155	0.098397	0.074171	14419.610352
2513.945048	0.098419	0.074171	14507.499023
2513.946047	0.098437	0.074171	14605.837891
2514.943502	1.136111	0.105318	564.647034
2514.944419	1.567628	0.105318	2002.162109
2514.945287	1.552262	0.105318	3349.525391
2514.946354	1.506354	0.105318	4956.804687
2514.947351	1.462017	0.105318	6414.435547
2514.948228	1.425245	0.105318	7664.375977
2514.949223	1.385413	0.105318	9042.861328
2514.950294	1.345254	0.105318	10483.627930
2514.951189	1.311940	0.105318	11657.814453
2514.952064	1.280090	0.105318	12777.893555
2514.953159	0.766359	0.105318	13617.056641
2514.954136	0.104253	0.105318	13718.912109
2514.955002	0.098401	0.105318	13804.126953
2514.956057	0.098364	0.105318	13907.901367
2514.957099	0.098459	0.105318	14010.496094
2514.957995	0.098408	0.105318	14098.669922
2514.958925	0.098478	0.105318	14190.253906
2514.959996	0.098489	0.105318	14295.735352
2514.960944	0.098416	0.105318	14389.033203
2514.961807	0.098401	0.105318	14473.953125
2514.962857	0.098416	0.105318	14577.289062
2515.984077	1.079788	0.071613	468.627838
2515.984961	1.563336	0.071613	1850.617065
2515.985833	1.557151	0.071613	3208.452637
2515.986862	1.513074	0.071613	4765.405762
2515.987779	1.471348	0.071613	6114.631836
2515.988655	1.434338	0.071613	7371.112305
2515.989518	1.397300	0.071613	8576.982422
2515.990576	1.358130	0.071613	10013.883789
2515.991467	1.324991	0.071613	11194.451172
2515.992341	1.294233	0.071613	12325.611328
2515.993353	1.202988	0.071613	13543.035156
2515.994270	0.242128	0.071613	13765.066406
2515.995174	0.098287	0.071613	13853.917969
2515.996047	0.098386	0.071613	13939.809570
2515.997074	0.098298	0.071613	14040.761719
2515.997969	0.098273	0.071613	14128.715820
2515.998848	0.098423	0.071613	14215.229492
2515.999806	0.098544	0.071613	14309.634766
2516.000775	0.098379	0.071613	14404.963867
2516.001694	0.098427	0.071613	14495.417969
2516.002565	0.098445	0.071613	14581.163086
2516.998614	1.091876	0.103541	494.619965
2516.999707	1.568741	0.103541	2209.254395
2517.000672	1.544055	0.103541	3699.267578
2517.001545	1.504684	0.103541	5012.856445
2517.002578	1.458988	0.103541	6519.991211
2517.003617	1.416244	0.103541	7991.468750
2517.004511	1.380487	0.103541	9225.624023
2517.005455	1.344763	0.103541	10495.080078
2517.006518	1.306219	0.103541	11883.591797
2517.007457	1.273835	0.103541	13079.723633
2517.008327	0.763484	0.103541	13743.955078
2517.009386	0.102543	0.103541	13852.547852
2517.010369	0.098302	0.103541	13949.178711
2517.011259	0.098394	0.103541	14036.749023
2517.012235	0.098496	0.103541	14132.880859
2517.013280	0.098437	0.103541	14235.748047
2517.014195	0.098397	0.103541	14325.781250
2517.015052	0.098372	0.103541	14410.085937
2517.016124	0.098518	0.103541	14515.697266
2517.017120	0.098375	0.103541	14613.678711
2517.017997	0.098324	0.103541	14699.909180
2518.041062	1.088049	0.071407	504.854858
2518.041956	1.564841	0.071407	1903.822998
2518.042900	1.552632	0.071407	3369.507324
2518.043882	1.509573	0.071407	4851.907715
2518.044807	1.468151	0.071407	6209.947266
2518.045686	1.431053	0.071407	7467.843262
2518.046712	1.390243	0.071407	8894.232422
2518.047624	1.354841	0.071407	10129.847656
2518.048499	1.322391	0.071407	11286.940430
2518.049373	1.290154	0.071407	12414.535156
2518.050436	1.121675	0.071407	13606.875000
2518.051341	0.176298	0.071407	13766.424805
2518.052220	0.098306	0.071407	13852.835937
2518.053214	0.098427	0.071407	13950.671875
2518.054133	0.098383	0.071407	14041.085937
2518.055047	0.098346	0.071407	14130.974609
2518.055905	0.098383	0.071407	14215.386719
2518.056930	0.098324	0.071407	14316.168945
2518.057828	0.098361	0.071407	14404.497070
2518.058706	0.098434	0.071407	14490.921875
2518.059666	0.098617	0.071407	14585.593750
2519.053546	1.117097	0.108649	521.684387
2519.054422	1.564365	0.108649	1892.068359
2519.055407	1.551398	0.108649	3420.195068
2519.056472	1.504453	0.108649	5022.437500
2519.057382	1.463705	0.108649	6354.409180
2519.058256	1.425637	0.108649	7600.416016
2519.059353	1.383065	0.108649	9117.638672
2519.060329	1.345756	0.108649	10431.095703
2519.061227	1.313419	0.108649	11610.545898
2519.062240	1.278332	0.108649	12905.497070
2519.063309	0.699485	0.108649	13653.246094
2519.064201	0.104106	0.108649	13746.109375
2519.065118	0.098588	0.108649	13836.514648
2519.066202	0.098514	0.108649	13943.304687
2519.067157	0.098397	0.108649	14037.274414
2519.068022	0.098361	0.108649	14122.356445
2519.069077	0.098555	0.108649	14226.332031
2519.070094	0.098470	0.108649	14326.476562
2519.070985	0.098533	0.108649	14414.269531
2519.071945	0.098441	0.108649	14508.773437
2519.072988	0.098441	0.108649	14611.447266
2520.098619	1.142022	0.067428	632.679932
2520.099668	1.570071	0.067428	2279.684082
2520.100588	1.543821	0.067428	3699.999023
2520.101453	1.503622	0.067428	5000.631836
2520.102545	1.457175	0.067428	6591.867187
2520.103545	1.415317	0.067428	8007.184570
2520.104431	1.379930	0.067428	9229.802734
2520.105452	1.342083	0.067428	10600.069336
2520.106491	1.304513	0.067428	11955.458008
2520.107372	1.273103	0.067428	13077.061523
2520.108279	0.695870	0.067428	13708.215820
2520.109361	0.100602	0.067428	13817.067383
2520.110325	0.098427	0.067428	13911.950195
2520.111195	0.098412	0.067428	13997.568359
2520.112210	0.098489	0.067428	14097.534180
2520.113252	0.098408	0.067428	14200.075195
2520.114142	0.098496	0.067428	14287.736328
2520.115074	0.098478	0.067428	14379.517578
2520.116118	0.098401	0.067428	14482.248047
2520.117069	0.098390	0.067428	14575.816406
2520.117934	0.098448	0.067428	14660.974609
2521.109765	1.127106	0.105789	559.044434
2521.110646	1.566211	0.105789	1938.876221
2521.111536	1.552643	0.105789	3320.728271
2521.112639	1.505325	0.105789	4981.101562
2521.113605	1.462921	0.105789	6394.283203
2521.114472	1.426289	0.105789	7630.875977
2521.115522	1.384446	0.105789	9084.543945
2521.116540	1.345649	0.105789	10454.415039
2521.117435	1.312888	0.105789	11629.450195
2521.118388	1.280142	0.105789	12849.424805
2521.119441	0.758090	0.105789	13647.693359
2521.120372	0.106025	0.105789	13746.403320
2521.121232	0.098478	0.105789	13831.093750
2521.122288	0.098456	0.105789	13935.063477
2521.123293	0.098394	0.105789	14033.949219
2521.124167	0.098364	0.105789	14119.919922
2521.125135	0.098522	0.105789	14215.289062
2521.126209	0.098416	0.105789	14320.987305
2521.127112	0.098383	0.105789	14409.827148
2521.127983	0.098368	0.105789	14495.505859
2521.129052	0.098533	0.105789	14600.836914
2522.155547	1.160793	0.068306	597.808594
2522.156548	1.570616	0.068306	2169.995605
2522.157447	1.547988	0.068306	3561.636963
2522.158423	1.504852	0.068306	5030.373047
2522.159466	1.458560	0.068306	6551.650879
2522.160390	1.419943	0.068306	7863.677734
2522.161262	1.383900	0.068306	9070.438477
2522.162360	1.343650	0.068306	10545.765625
2522.163351	1.307161	0.068306	11841.162109
2522.164236	1.276805	0.068306	12971.134766
2522.165249	0.707739	0.068306	13688.074219
2522.166297	0.101554	0.068306	13794.502930
2522.167174	0.098339	0.068306	13880.746094
2522.168041	0.098412	0.068306	13966.069336
2522.169144	0.098437	0.068306	14074.645508
2522.170097	0.098368	0.068306	14168.390625
2522.170963	0.098419	0.068306	14253.622070
2522.171983	0.098547	0.068306	14354.140625
2522.173024	0.098397	0.068306	14456.572266
2522.173913	0.098437	0.068306	14544.083008
2522.174809	0.098522	0.068306	14632.358398
2523.166685	1.080026	0.100528	479.531403
2523.167560	1.562369	0.100528	1846.604614
2523.168434	1.556514	0.100528	3206.997559
2523.169317	1.517139	0.100528	4546.630859
2523.170320	1.472765	0.100528	6023.813965
2523.171244	1.434269	0.100528	7349.078125
2523.172113	1.397930	0.100528	8563.878906
2523.173159	1.358390	0.100528	9984.754883
2523.174050	1.325057	0.100528	11165.380859
2523.174970	1.292948	0.100528	12354.892578
2523.175837	1.227506	0.100528	13419.140625
2523.176842	0.270293	0.100528	13690.785156
2523.177770	0.098361	0.100528	13782.063477
2523.178631	0.098372	0.100528	13866.761719
2523.179632	0.098397	0.100528	13965.257812
2523.180535	0.098287	0.100528	14054.011719
2523.181441	0.098225	0.100528	14143.003906
2523.182319	0.098386	0.100528	14229.386719
2523.183273	0.098331	0.100528	14323.194336
2523.184234	0.098331	0.100528	14417.690430
2523.185125	0.098445	0.100528	14505.404297
2524.211992	1.153044	0.065844	583.440430
2524.212993	1.570126	0.065844	2155.136230
2524.213891	1.548285	0.065844	3545.496094
2524.214878	1.504860	0.065844	5030.792480
2524.215933	1.458058	0.065844	6569.043457
2524.216849	1.419558	0.065844	7869.358398
2524.217712	1.383904	0.065844	9063.666992
2524.218786	1.344313	0.065844	10507.458984
2524.219784	1.307802	0.065844	11812.644531
2524.220665	1.277439	0.065844	12938.068359
2524.221674	0.739695	0.065844	13684.420898
2524.222706	0.102433	0.065844	13790.131836
2524.223589	0.098324	0.065844	13876.952148
2524.224457	0.098309	0.065844	13962.284180
2524.225557	0.098394	0.065844	14070.517578
2524.226533	0.098313	0.065844	14166.470703
2524.227399	0.098353	0.065844	14251.644531
2524.228444	0.098463	0.065844	14354.538086
2524.229488	0.098412	0.065844	14457.280273
2524.230379	0.098368	0.065844	14544.925781
2524.231305	0.098394	0.065844	14636.038086
2525.222154	1.109114	0.100053	560.102478
2525.223124	1.568789	0.100053	2081.827881
2525.224043	1.548673	0.100053	3505.058594
2525.224921	1.509789	0.100053	4830.653320
2525.225980	1.463361	0.100053	6380.352051
2525.226888	1.424890	0.100053	7674.152344
2525.227767	1.389269	0.100053	8895.319336
2525.228656	1.353977	0.100053	10099.004883
2525.229678	1.316982	0.100053	11444.960937
2525.230615	1.285023	0.100053	12649.027344
2525.231483	1.058511	0.100053	13567.814453
2525.232577	0.136410	0.100053	13717.046875
2525.233474	0.098236	0.100053	13805.165039
2525.234401	0.098346	0.100053	13896.332031
2525.235257	0.098313	0.100053	13980.488281
2525.236291	0.098309	0.100053	14082.139648
2525.237180	0.098265	0.100053	14169.498047
2525.238059	0.098331	0.100053	14255.931641
2525.239044	0.098423	0.100053	14352.877930
2525.239994	0.098342	0.100053	14446.302734
2525.240875	0.098291	0.100053	14532.897461
2526.268441	1.145603	0.063838	579.675171
2526.269459	1.570247	0.063838	2178.186035
2526.270350	1.547834	0.063838	3557.306641
2526.271354	1.503823	0.063838	5067.145508
2526.272408	1.456937	0.063838	6602.757324
2526.273321	1.418789	0.063838	7898.111816
2526.274190	1.382563	0.063838	9099.559570
2526.275284	1.342317	0.063838	10568.054687
2526.276285	1.306084	0.063838	11875.444336
2526.277163	1.275626	0.063838	12995.444336
2526.278155	0.692820	0.063838	13682.721680
2526.279209	0.101144	0.063838	13789.327148
2526.280100	0.098386	0.063838	13876.989258
2526.280975	0.098434	0.063838	13963.119141
2526.282070	0.098408	0.063838	14070.875977
2526.283032	0.098287	0.063838	14165.428711
2526.283898	0.098324	0.063838	14250.577148
2526.284915	0.098448	0.063838	14350.699219
2526.285947	0.098350	0.063838	14452.196289
2526.286834	0.098390	0.063838	14539.467773
2526.287748	0.098427	0.063838	14629.429687
2527.279333	1.111036	0.095416	517.742920
2527.280219	1.564219	0.095416	1903.640747
2527.281192	1.551658	0.095416	3413.403809
2527.282253	1.504929	0.095416	5010.133789
2527.283173	1.463668	0.095416	6356.708496
2527.284040	1.426597	0.095416	7593.567871
2527.285117	1.384197	0.095416	9084.347656
2527.286127	1.345547	0.095416	10443.349609
2527.287012	1.313533	0.095416	11605.826172
2527.288018	1.278757	0.095416	12892.255859
2527.289070	0.739962	0.095416	13670.696289
2527.289965	0.105956	0.095416	13765.526367
2527.290823	0.098181	0.095416	13849.765625
2527.291908	0.098416	0.095416	13956.546875
2527.292888	0.098269	0.095416	14052.850586
2527.293754	0.098265	0.095416	14137.948242
2527.294798	0.098361	0.095416	14240.636719
2527.295835	0.098405	0.095416	14342.682617
2527.296725	0.098441	0.095416	14430.294922
2527.297615	0.098328	0.095416	14517.806641
2527.298697	0.098492	0.095416	14624.375000
2528.325383	1.132284	0.061381	563.877380
2528.326307	1.568123	0.061381	2012.822510
2528.327178	1.552387	0.061381	3364.951172
2528.328249	1.505691	0.061381	4977.545898
2528.329262	1.460716	0.061381	6457.251953
2528.330164	1.423162	0.061381	7740.943848
2528.331135	1.384552	0.061381	9085.343750
2528.332187	1.344738	0.061381	10500.007812
2528.333096	1.311328	0.061381	11692.004883
2528.333963	1.280138	0.061381	12801.884766
2528.335052	0.764875	0.061381	13634.833984
2528.336045	0.103268	0.061381	13737.378906
2528.336926	0.098298	0.061381	13823.979492
2528.337923	0.098452	0.061381	13922.136719
2528.338960	0.098328	0.061381	14024.102539
2528.339852	0.098328	0.061381	14111.810547
2528.340710	0.098280	0.061381	14196.134766
2528.341792	0.098372	0.061381	14302.573242
2528.342770	0.098364	0.061381	14398.773437
2528.343638	0.098386	0.061381	14484.172852
2528.344687	0.098463	0.061381	14587.460937
2529.334295	1.128109	0.097914	586.616760
2529.335359	1.569126	0.097914	2256.166748
2529.336273	1.544033	0.097914	3667.413086
2529.337145	1.504120	0.097914	4979.005859
2529.338226	1.457402	0.097914	6554.458008
2529.339214	1.415995	0.097914	7953.460937
2529.340113	1.380546	0.097914	9194.571289
2529.341102	1.343478	0.097914	10523.270508
2529.342158	1.305381	0.097914	11901.752930
2529.343066	1.273689	0.097914	13058.262695
2529.343936	0.753373	0.097914	13713.697266
2529.345036	0.101686	0.097914	13825.551758
2529.346009	0.098317	0.097914	13921.213867
2529.346877	0.098284	0.097914	14006.524414
2529.347954	0.098481	0.097914	14112.588867
2529.348987	0.098317	0.097914	14214.150391
2529.349881	0.098247	0.097914	14301.983398
2529.350808	0.098463	0.097914	14393.258789
2529.351857	0.098390	0.097914	14496.469727
2529.352795	0.098317	0.097914	14588.690430
2529.353655	0.098361	0.097914	14673.280273
2530.380741	1.075507	0.061212	462.467834
2530.381706	1.561857	0.061212	1969.659668
2530.382692	1.549373	0.061212	3497.341064
2530.383624	1.508350	0.061212	4903.123047
2530.384495	1.468693	0.061212	6182.354492
2530.385538	1.426245	0.061212	7669.928223
2530.386429	1.389492	0.061212	8907.965820
2530.387301	1.355610	0.061212	10090.058594
2530.388235	1.321102	0.061212	11323.967773
2530.389236	1.286279	0.061212	12611.533203
2530.390158	1.113347	0.061212	13638.039062
2530.391044	0.180344	0.061212	13797.824219
2530.392093	0.098203	0.061212	13900.838867
2530.393003	0.098383	0.061212	13990.367187
2530.393874	0.098251	0.061212	14075.943359
2530.394733	0.098419	0.061212	14160.485352
2530.395785	0.098375	0.061212	14263.976562
2530.396669	0.098265	0.061212	14350.842773
2530.397541	0.098320	0.061212	14436.578125
2530.398540	0.098445	0.061212	14534.924805
2530.399449	0.098247	0.061212	14624.231445
2531.391266	1.154008	0.092721	590.851868
2531.392282	1.569521	0.092721	2185.485596
2531.393172	1.547285	0.092721	3562.569336
2531.394162	1.503864	0.092721	5051.394531
2531.395220	1.457007	0.092721	6592.907715
2531.396126	1.418972	0.092721	7878.496582
2531.396988	1.383054	0.092721	9070.689453
2531.398083	1.342958	0.092721	10541.228516
2531.399083	1.306652	0.092721	11847.879883
2531.399965	1.276088	0.092721	12973.388672
2531.400971	0.694164	0.092721	13671.717773
2531.402036	0.101151	0.092721	13779.443359
2531.402924	0.098236	0.092721	13866.676758
2531.403799	0.098280	0.092721	13952.671875
2531.404903	0.098459	0.092721	14061.371094
2531.405868	0.098247	0.092721	14156.179687
2531.406738	0.098317	0.092721	14241.714844
2531.407752	0.098452	0.092721	14341.544922
2531.408793	0.098287	0.092721	14443.862305
2531.409690	0.098434	0.092721	14532.157227
2531.410612	0.098452	0.092721	14622.929687
2532.438308	1.160493	0.057590	597.653992
2532.439240	1.568862	0.057590	2059.833740
2532.440106	1.551174	0.057590	3403.150879
2532.441183	1.504570	0.057590	5023.573242
2532.442187	1.459691	0.057590	6489.103027
2532.443079	1.422806	0.057590	7758.246094
2532.444057	1.384050	0.057590	9111.847656
2532.445111	1.343870	0.057590	10528.286133
2532.446027	1.310457	0.057590	11728.664062
2532.446889	1.279039	0.057590	12831.196289
2532.447976	0.745679	0.057590	13641.749023
2532.448971	0.102627	0.057590	13743.863281
2532.449852	0.098254	0.057590	13830.425781
2532.450850	0.098342	0.057590	13928.571289
2532.451913	0.098302	0.057590	14033.066406
2532.452806	0.098324	0.057590	14120.870117
2532.453684	0.098240	0.057590	14207.125000
2532.454788	0.098383	0.057590	14315.739258
2532.455745	0.098262	0.057590	14409.775391
2532.456611	0.098357	0.057590	14494.952148
2532.457646	0.098408	0.057590	14596.804687
2533.446855	1.084911	0.092882	473.021149
2533.447725	1.561556	0.092882	1831.575195
2533.448720	1.552797	0.092882	3376.607910
2533.449640	1.512290	0.092882	4767.914551
2533.450516	1.472340	0.092882	6057.684570
2533.451488	1.431940	0.092882	7449.530273
2533.452433	1.393110	0.092882	8766.019531
2533.453352	1.357844	0.092882	10013.878906
2533.454235	1.324856	0.092882	11183.726562
2533.455276	1.288788	0.092882	12525.354492
2533.456174	1.180803	0.092882	13585.715820
2533.457102	0.208982	0.092882	13779.651367
2533.457970	0.098236	0.092882	13864.919922
2533.458958	0.098295	0.092882	13962.035156
2533.459880	0.098247	0.092882	14052.619141
2533.460757	0.098258	0.092882	14138.791016
2533.461770	0.098507	0.092882	14238.579102
2533.462645	0.098265	0.092882	14324.561523
2533.463568	0.098262	0.092882	14415.256836
2533.464443	0.098350	0.092882	14501.312500
2533.465483	0.098383	0.092882	14603.630859
2534.493728	1.117705	0.058509	589.030579
2534.494786	1.569496	0.058509	2249.557129
2534.495718	1.543832	0.058509	3688.408447
2534.496584	1.503988	0.058509	4990.862305
2534.497649	1.457911	0.058509	6543.538086
2534.498660	1.416057	0.058509	7975.171875
2534.499534	1.380824	0.058509	9182.011719
2534.500517	1.343826	0.058509	10502.992187
2534.501572	1.305681	0.058509	11880.485352
2534.502486	1.273689	0.058509	13044.636719
2534.503368	0.744968	0.058509	13701.699219
2534.504460	0.101536	0.058509	13812.576172
2534.505455	0.098375	0.058509	13910.459961
2534.506351	0.098350	0.058509	13998.581055
2534.507334	0.098295	0.058509	14095.205078
2534.508390	0.098353	0.058509	14199.066406
2534.509280	0.098372	0.058509	14286.617187
2534.510161	0.098331	0.058509	14373.247070
2534.511255	0.098331	0.058509	14480.821289
2534.512219	0.098401	0.058509	14575.679687
2534.513088	0.098357	0.058509	14661.152344
2535.504671	1.151715	0.089418	586.222961
2535.505601	1.568060	0.089418	2044.519043
2535.506482	1.551127	0.089418	3411.061523
2535.507456	1.508837	0.089418	4880.668457
2535.508485	1.462753	0.089418	6385.840820
2535.509366	1.425692	0.089418	7641.875488
2535.510329	1.387731	0.089418	8978.259766
2535.511389	1.346942	0.089418	10406.018555
2535.512309	1.313057	0.089418	11614.030273
2535.513175	1.282181	0.089418	12724.399414
2535.514241	0.839187	0.089418	13618.972656
2535.515248	0.106421	0.089418	13726.138672
2535.516135	0.098276	0.089418	13813.309570
2535.517117	0.098372	0.089418	13909.910156
2535.518167	0.098427	0.089418	14013.257812
2535.519077	0.098412	0.089418	14102.812500
2535.519943	0.098361	0.089418	14187.993164
2535.521035	0.098448	0.089418	14295.499023
2535.522008	0.098309	0.089418	14391.154297
2535.522894	0.098386	0.089418	14478.324219
2535.523894	0.098507	0.089418	14576.831055
2536.549579	1.075118	0.055657	470.901855
2536.550451	1.562256	0.055657	1833.188965
2536.551372	1.555100	0.055657	3265.436035
2536.552328	1.513634	0.055657	4712.470215
2536.553244	1.472468	0.055657	6061.250977
2536.554114	1.434357	0.055657	7309.141602
2536.555138	1.393378	0.055657	8735.959961
2536.556038	1.359016	0.055657	9959.074219
2536.556918	1.326570	0.055657	11126.456055
2536.557894	1.292472	0.055657	12387.908203
2536.558843	1.207760	0.055657	13534.072266
2536.559775	0.237909	0.055657	13755.803711
2536.560641	0.098335	0.055657	13840.961914
2536.561674	0.098368	0.055657	13942.576172
2536.562550	0.098313	0.055657	14028.698242
2536.563425	0.098383	0.055657	14114.783203
2536.564385	0.098459	0.055657	14209.304687
2536.565362	0.098320	0.055657	14305.363281
2536.566264	0.098317	0.055657	14394.044922
2536.567139	0.098361	0.055657	14480.110352
2536.568153	0.098416	0.055657	14579.903320
2537.561114	1.149467	0.087847	587.377441
2537.562046	1.568181	0.087847	2048.922363
2537.562907	1.551442	0.087847	3384.713379
2537.563970	1.505175	0.087847	4984.713867
2537.564992	1.460175	0.087847	6477.012207
2537.565873	1.423066	0.087847	7730.733398
2537.566848	1.384457	0.087847	9080.579102
2537.567898	1.343976	0.087847	10491.753906
2537.568819	1.310460	0.087847	11698.687500
2537.569693	1.279102	0.087847	12816.622070
2537.570781	0.738409	0.087847	13620.011719
2537.571771	0.102374	0.087847	13721.362305
2537.572664	0.098298	0.087847	13809.142578
2537.573646	0.098331	0.087847	13905.704102
2537.574696	0.098379	0.087847	14009.001953
2537.575597	0.098430	0.087847	14097.687500
2537.576464	0.098394	0.087847	14182.995117
2537.577585	0.098416	0.087847	14293.319336
2537.578549	0.098295	0.087847	14388.075195
2537.579418	0.098342	0.087847	14473.534180
2537.580454	0.098364	0.087847	14575.439453
2538.605512	1.089287	0.055975	478.197052
2538.606378	1.561714	0.055975	1830.641235
2538.607500	1.547216	0.055975	3566.617187
2538.608467	1.504416	0.055975	5021.387695
2538.609339	1.465386	0.055975	6299.204102
2538.610389	1.421916	0.055975	7792.216309
2538.611421	1.380659	0.055975	9217.056641
2538.612321	1.346199	0.055975	10428.635742
2538.613272	1.312050	0.055975	11676.394531
2538.614320	1.275315	0.055975	13012.924805
2538.615262	0.747349	0.055975	13716.926758
2538.616123	0.108538	0.055975	13810.377930
2538.617174	0.098405	0.055975	13913.800781
2538.618195	0.098317	0.055975	14014.181641
2538.619075	0.098383	0.055975	14100.757812
2538.620045	0.098427	0.055975	14196.231445
2538.621090	0.098405	0.055975	14299.064453
2538.622013	0.098328	0.055975	14389.821289
2538.622871	0.098317	0.055975	14474.176758
2538.623933	0.098456	0.055975	14578.737305
2538.624938	0.098287	0.055975	14677.515625
2539.616834	1.198784	0.091021	672.517944
2539.617893	1.569767	0.091021	2334.901123
2539.618783	1.543759	0.091021	3708.846191
2539.619673	1.502695	0.091021	5046.245117
2539.620758	1.456263	0.091021	6626.291016
2539.621716	1.416676	0.091021	7983.466797
2539.622577	1.381816	0.091021	9173.210937
2539.623616	1.342753	0.091021	10568.331055
2539.624657	1.305249	0.091021	11927.095703
2539.625546	1.274326	0.091021	13059.971680
2539.626483	0.714796	0.091021	13729.735352
2539.627555	0.101268	0.091021	13838.294922
2539.628480	0.098229	0.091021	13929.156250
2539.629343	0.098346	0.091021	14014.028320
2539.630374	0.098427	0.091021	14115.505859
2539.631400	0.098302	0.091021	14216.363281
2539.632295	0.098419	0.091021	14304.448242
2539.633246	0.098401	0.091021	14398.027344
2539.634295	0.098441	0.091021	14501.291992
2539.635231	0.098375	0.091021	14593.371094
2539.636092	0.098401	0.091021	14678.094727
2540.661953	1.077396	0.053751	462.203003
2540.662820	1.561282	0.053751	1815.834229
2540.663924	1.548314	0.053751	3525.173096
2540.664895	1.505446	0.053751	4986.960937
2540.665763	1.466580	0.053751	6259.952148
2540.666829	1.422074	0.053751	7775.882812
2540.667862	1.381124	0.053751	9202.583984
2540.668757	1.346594	0.053751	10407.786133
2540.669691	1.312925	0.053751	11634.057617
2540.670741	1.276238	0.053751	12974.107422
2540.671692	0.771086	0.053751	13707.410156
2540.672557	0.110068	0.053751	13802.619141
2540.673615	0.098445	0.053751	13906.773437
2540.674638	0.098361	0.053751	14007.396484
2540.675521	0.098383	0.053751	14094.268555
2540.676481	0.098375	0.053751	14188.708984
2540.677538	0.098412	0.053751	14292.730469
2540.678447	0.098361	0.053751	14382.140625
2540.679314	0.098394	0.053751	14467.448242
2540.680356	0.098463	0.053751	14570.046875
2540.681364	0.098394	0.053751	14669.227539
2541.673796	1.197096	0.084008	672.767883
2541.674769	1.570151	0.084008	2200.525146
2541.675653	1.547432	0.084008	3568.454590
2541.676516	1.507038	0.084008	4869.028809
2541.677635	1.460178	0.084008	6502.968262
2541.678547	1.421873	0.084008	7799.715820
2541.679420	1.386482	0.084008	9010.114258
2541.680492	1.345858	0.084008	10452.874023
2541.681480	1.310087	0.084008	11747.240234
2541.682363	1.279266	0.084008	12876.832031
2541.683254	0.882737	0.084008	13663.350586
2541.684355	0.108801	0.084008	13783.140625
2541.685241	0.098379	0.084008	13870.304687
2541.686099	0.098328	0.084008	13954.669922
2541.687102	0.098646	0.084008	14053.612305
2541.688071	0.098427	0.084008	14148.987305
2541.688990	0.098416	0.084008	14239.431641
2541.689860	0.098456	0.084008	14325.087891
2541.690943	0.098423	0.084008	14431.679687
2541.691851	0.098342	0.084008	14520.974609
2541.692712	0.098478	0.084008	14605.763672
2542.716964	1.157292	0.053341	596.005615
2542.717967	1.569869	0.053341	2170.584473
2542.718852	1.548164	0.053341	3540.709717
2542.719865	1.503475	0.053341	5063.730469
2542.720927	1.457267	0.053341	6611.347656
2542.721804	1.419485	0.053341	7856.235840
2542.722693	1.382604	0.053341	9085.371094
2542.723782	1.342595	0.053341	10547.457031
2542.724744	1.308149	0.053341	11805.896484
2542.725611	1.277904	0.053341	12913.838867
2542.726642	0.725555	0.053341	13661.886719
2542.727674	0.101664	0.053341	13766.803711
2542.728570	0.098335	0.053341	13854.912109
2542.729520	0.098441	0.053341	13948.431641
2542.730582	0.098383	0.053341	14052.914062
2542.731524	0.098470	0.053341	14145.672852
2542.732390	0.098441	0.053341	14230.922852
2542.733436	0.098437	0.053341	14333.888672
2542.734443	0.098331	0.053341	14432.908203
2542.735335	0.098437	0.053341	14520.714844
2542.736289	0.098522	0.053341	14614.704102
2543.730461	1.157014	0.082655	587.763184
2543.731397	1.568357	0.082655	2055.745361
2543.732273	1.550947	0.082655	3414.375000
2543.733230	1.509093	0.082655	4858.577148
2543.734279	1.462266	0.082655	6392.493652
2543.735177	1.424802	0.082655	7671.965820
2543.736041	1.389423	0.082655	8872.426758
2543.737105	1.349114	0.082655	10307.883789
2543.738055	1.314481	0.082655	11556.640625
2543.738939	1.283778	0.082655	12691.500000
2543.739895	0.979852	0.082655	13628.238281
2543.740933	0.121201	0.082655	13754.044922
2543.741814	0.098328	0.082655	13840.671875
2543.742674	0.098430	0.082655	13925.322266
2543.743734	0.098445	0.082655	14029.673828
2543.744671	0.098298	0.082655	14121.779297
2543.745537	0.098390	0.082655	14206.985352
2543.746466	0.098412	0.082655	14298.410156
2543.747536	0.098353	0.082655	14403.648437
2543.748431	0.098445	0.082655	14491.756836
2543.749291	0.098390	0.082655	14576.372070
2544.771778	1.069823	0.053155	458.954041
2544.772752	1.561512	0.053155	1979.867187
2544.773818	1.545729	0.053155	3627.614258
2544.774748	1.503973	0.053155	5026.309570
2544.775611	1.464353	0.053155	6290.046387
2544.776705	1.420045	0.053155	7843.575684
2544.777711	1.379692	0.053155	9231.545898
2544.778592	1.346224	0.053155	10417.569336
2544.779609	1.310197	0.053155	11750.039062
2544.780680	1.273323	0.053155	13113.767578
2544.781575	0.706344	0.053155	13745.945312
2544.782432	0.106113	0.053155	13836.884766
2544.783536	0.098423	0.053155	13945.543945
2544.784489	0.098434	0.053155	14039.351562
2544.785365	0.098419	0.053155	14125.566406
2544.786388	0.098540	0.053155	14226.373047
2544.787419	0.098427	0.053155	14327.850586
2544.788307	0.098423	0.053155	14415.250000
2544.789220	0.098463	0.053155	14505.146484
2544.790310	0.098496	0.053155	14612.506836
2544.791262	0.098361	0.053155	14706.146484
2545.788351	1.064919	0.080113	452.590790
2545.789345	1.560542	0.080113	2003.769531
2545.790397	1.545242	0.080113	3629.363770
2545.791317	1.504138	0.080113	5013.170898
2545.792178	1.464664	0.080113	6274.247070
2545.793263	1.420734	0.080113	7815.743164
2545.794275	1.380198	0.080113	9212.502930
2545.795154	1.346539	0.080113	10396.111328
2545.796136	1.310603	0.080113	11683.123047
2545.797194	1.274213	0.080113	13031.240234
2545.798103	0.759115	0.080113	13721.275391
2545.798965	0.109047	0.080113	13815.273437
2545.800052	0.098507	0.080113	13922.350586
2545.801014	0.098247	0.080113	14016.864258
2545.801886	0.098401	0.080113	14102.669922
2545.802937	0.098412	0.080113	14206.100586
2545.803981	0.098445	0.080113	14308.876953
2545.804870	0.098390	0.080113	14396.345703
2545.805789	0.098463	0.080113	14486.833008
2545.806881	0.098448	0.080113	14594.338867
2545.807831	0.098434	0.080113	14687.850586
2546.826519	1.153931	0.054734	581.581055
2546.827513	1.569880	0.054734	2142.041992
2546.828410	1.548128	0.054734	3530.712402
2546.829422	1.503494	0.054734	5052.248047
2546.830460	1.458025	0.054734	6565.677734
2546.831360	1.420020	0.054734	7843.695312
2546.832235	1.383633	0.054734	9054.374023
2546.833332	1.343342	0.054734	10528.020508
2546.834295	1.308680	0.054734	11788.279297
2546.835165	1.278263	0.054734	12900.368164
2546.836212	0.729346	0.054734	13663.993164
2546.837255	0.101898	0.054734	13770.273437
2546.838140	0.098324	0.054734	13857.290039
2546.839066	0.098514	0.054734	13948.514648
2546.840143	0.098416	0.054734	14054.507812
2546.841076	0.098437	0.054734	14146.349609
2546.841944	0.098394	0.054734	14231.754883
2546.842979	0.098485	0.054734	14333.686523
2546.843999	0.098401	0.054734	14434.055664
2546.844892	0.098342	0.054734	14521.875000
2546.845845	0.098434	0.054734	14615.682617
2547.845061	1.071141	0.081462	461.661926
2547.846090	1.565343	0.081462	2072.399902
2547.847135	1.544220	0.081462	3686.109863
2547.848023	1.503937	0.081462	5021.605469
2547.848948	1.462958	0.081462	6374.841309
2547.850007	1.419005	0.081462	7877.567383
2547.850967	1.380963	0.081462	9203.291992
2547.851832	1.347616	0.081462	10368.979492
2547.852896	1.309387	0.081462	11762.167969
2547.853928	1.273652	0.081462	13076.577148
2547.854812	0.750776	0.081462	13740.263672
2547.855767	0.107941	0.081462	13843.346680
2547.856816	0.098335	0.081462	13946.500000
2547.857748	0.098324	0.081462	14038.137695
2547.858618	0.098379	0.081462	14123.727539
2547.859682	0.098448	0.081462	14228.476562
2547.860670	0.098357	0.081462	14325.653320
2547.861568	0.098386	0.081462	14414.003906
2547.862536	0.098566	0.081462	14509.415039
2547.863590	0.098463	0.081462	14613.195312
2547.864502	0.098500	0.081462	14703.027344
2548.881100	1.086533	0.055995	473.728485
2548.881980	1.562454	0.055995	1848.687744
2548.882843	1.555159	0.055995	3190.789551
2548.883901	1.511448	0.055995	4789.901367
2548.884786	1.471091	0.055995	6091.817383
2548.885660	1.434470	0.055995	7345.544434
2548.886642	1.394725	0.055995	8715.165039
2548.887588	1.357592	0.055995	9999.447266
2548.888516	1.323655	0.055995	11227.798828
2548.889403	1.291967	0.055995	12373.773437
2548.890437	1.164320	0.055995	13577.680664
2548.891343	0.209246	0.055995	13767.256836
2548.892222	0.098342	0.055995	13853.699219
2548.893156	0.098357	0.055995	13945.564453
2548.894138	0.098243	0.055995	14042.039062
2548.895056	0.098379	0.055995	14132.350586
2548.895919	0.098339	0.055995	14217.216797
2548.896959	0.098470	0.055995	14319.625977
2548.897840	0.098335	0.055995	14406.258789
2548.898707	0.098397	0.055995	14491.569336
2548.899586	0.098317	0.055995	14577.989258
2549.903113	1.135107	0.076137	568.688782
2549.904056	1.567917	0.076137	2047.234863
2549.904919	1.551614	0.076137	3386.277588
2549.905969	1.505270	0.076137	4966.810547
2549.906999	1.459970	0.076137	6470.579102
2549.907896	1.422458	0.076137	7746.524414
2549.908853	1.384475	0.076137	9071.466797
2549.909915	1.343763	0.076137	10498.543945
2549.910856	1.309435	0.076137	11730.721680
2549.911721	1.278823	0.076137	12836.904297
2549.912801	0.738486	0.076137	13634.469727
2549.913800	0.102418	0.076137	13736.785156
2549.914680	0.098397	0.076137	13823.375000
2549.915674	0.098379	0.076137	13921.164062
2549.916708	0.098478	0.076137	14022.990234
2549.917613	0.098350	0.076137	14111.997070
2549.918469	0.098423	0.076137	14196.247070
2549.919555	0.098481	0.076137	14303.198242
2549.920554	0.098320	0.076137	14401.419922
2549.921432	0.098463	0.076137	14487.870117
2549.922413	0.098434	0.076137	14584.433594
2550.936608	1.153597	0.055073	588.334656
2550.937520	1.567786	0.055073	2018.155029
2550.938397	1.552013	0.055073	3379.270508
2550.939415	1.507782	0.055073	4914.192383
2550.940416	1.462727	0.055073	6378.382324
2550.941313	1.425289	0.055073	7656.867187
2550.942174	1.389027	0.055073	8852.819336
2550.943264	1.348986	0.055073	10323.213867
2550.944165	1.315364	0.055073	11508.356445
2550.945046	1.284749	0.055073	12640.219727
2550.946034	0.980823	0.055073	13609.272461
2550.947047	0.120242	0.055073	13731.077148
2550.947936	0.098383	0.055073	13818.539062
2550.948796	0.098306	0.055073	13903.082031
2550.949870	0.098372	0.055073	14008.733398
2550.950797	0.098339	0.055073	14099.893555
2550.951676	0.098394	0.055073	14186.381836
2550.952679	0.098529	0.055073	14285.206055
2550.953670	0.098339	0.055073	14382.659180
2550.954552	0.098405	0.055073	14469.452148
2550.955539	0.098547	0.055073	14566.718750
2551.959329	1.162430	0.075452	597.489258
2551.960340	1.569609	0.075452	2184.364258
2551.961225	1.547270	0.075452	3553.698730
2551.962235	1.502670	0.075452	5071.395020
2551.963298	1.456245	0.075452	6619.383789
2551.964191	1.418580	0.075452	7886.176270
2551.965061	1.381926	0.075452	9088.452148
2551.966168	1.342020	0.075452	10574.068359
2551.967127	1.307318	0.075452	11827.786133
2551.967989	1.276978	0.075452	12928.541016
2551.969022	0.700756	0.075452	13652.421875
2551.970064	0.101254	0.075452	13757.927734
2551.970955	0.098324	0.075452	13845.534180
2551.971888	0.098386	0.075452	13937.328125
2551.972953	0.098467	0.075452	14042.195312
2551.973895	0.098335	0.075452	14134.827148
2551.974760	0.098306	0.075452	14219.861328
2551.975795	0.098522	0.075452	14321.831055
2551.976819	0.098317	0.075452	14422.506836
2551.977709	0.098262	0.075452	14509.959961
2551.978670	0.098573	0.075452	14604.688477
2552.990404	1.068457	0.058303	463.710327
2552.991270	1.561172	0.058303	1815.685181
2552.992308	1.550526	0.058303	3425.131348
2552.993341	1.505006	0.058303	4979.802734
2552.994239	1.464807	0.058303	6295.199707
2552.995192	1.425754	0.058303	7653.943848
2552.996253	1.382607	0.058303	9120.890625
2552.997188	1.347070	0.058303	10380.401367
2552.998054	1.314833	0.058303	11519.046875
2552.999126	1.278307	0.058303	12889.391602
2553.000148	0.754446	0.058303	13660.435547
2553.001028	0.107992	0.058303	13755.468750
2553.002027	0.098357	0.058303	13853.727539
2553.003077	0.098324	0.058303	13956.967773
2553.003979	0.098350	0.058303	14045.678711
2553.004836	0.098441	0.058303	14130.042969
2553.005893	0.098500	0.058303	14234.157227
2553.006880	0.098247	0.058303	14331.126953
2553.007766	0.098394	0.058303	14418.303711
2553.008745	0.098481	0.058303	14514.716797
2553.009807	0.098437	0.058303	14619.257812
2554.016733	1.103064	0.077522	504.100220
2554.017607	1.563171	0.077522	1870.312012
2554.018580	1.551584	0.077522	3380.003662
2554.019643	1.505032	0.077522	4979.852539
2554.020551	1.464379	0.077522	6309.508301
2554.021426	1.426307	0.077522	7557.527344
2554.022525	1.383710	0.077522	9078.224609
2554.023492	1.346609	0.077522	10380.395508
2554.024380	1.314547	0.077522	11547.712891
2554.025378	1.279933	0.077522	12825.085937
2554.026447	0.774456	0.077522	13652.978516
2554.027338	0.107399	0.077522	13748.670898
2554.028219	0.098419	0.077522	13835.377930
2554.029314	0.098481	0.077522	13943.214844
2554.030274	0.098353	0.077522	14037.633789
2554.031139	0.098350	0.077522	14122.706055
2554.032181	0.098346	0.077522	14225.182617
2554.033196	0.098364	0.077522	14325.022461
2554.034086	0.098309	0.077522	14412.517578
2554.035010	0.098379	0.077522	14503.419922
2554.036065	0.098463	0.077522	14607.298828
2555.045396	1.148434	0.057449	575.365356
2555.046431	1.569331	0.057449	2199.623047
2555.047330	1.546348	0.057449	3589.789551
2555.048270	1.504237	0.057449	5003.772461
2555.049348	1.456820	0.057449	6574.224609
2555.050300	1.417562	0.057449	7923.744141
2555.051169	1.382032	0.057449	9124.730469
2555.052244	1.341724	0.057449	10567.083008
2555.053256	1.305201	0.057449	11887.947266
2555.054152	1.274396	0.057449	13029.805664
2555.055129	0.683947	0.057449	13698.021484
2555.056173	0.100939	0.057449	13803.401367
2555.057085	0.098412	0.057449	13893.153320
2555.057946	0.098372	0.057449	13977.851562
2555.059024	0.098467	0.057449	14083.999023
2555.060008	0.098383	0.057449	14180.807617
2555.060892	0.098412	0.057449	14267.803711
2555.061879	0.098456	0.057449	14364.979492
2555.062917	0.098470	0.057449	14467.191406
2555.063814	0.098401	0.057449	14555.457031
2555.064674	0.098445	0.057449	14640.119141
2556.074207	1.120173	0.075101	515.279724
2556.075103	1.564574	0.075101	1917.137939
2556.076107	1.549863	0.075101	3473.200684
2556.077031	1.507954	0.075101	4866.550293
2556.077960	1.467089	0.075101	6229.475586
2556.078827	1.429570	0.075101	7468.913086
2556.079874	1.388569	0.075101	8922.745117
2556.080771	1.353937	0.075101	10137.226562
2556.081655	1.321626	0.075101	11305.543945
2556.082667	1.286935	0.075101	12607.921875
2556.083595	1.097091	0.075101	13626.022461
2556.084519	0.170815	0.075101	13783.855469
2556.085374	0.098192	0.075101	13867.809570
2556.086400	0.098324	0.075101	13968.690430
2556.087302	0.098335	0.075101	14057.388672
2556.088181	0.098320	0.075101	14143.812500
2556.089126	0.098441	0.075101	14236.839844
2556.090085	0.098276	0.075101	14331.086914
2556.091004	0.098353	0.075101	14421.473633
2556.091877	0.098339	0.075101	14507.323242
2556.092910	0.098474	0.075101	14609.046875
2557.099550	1.163467	0.056789	608.493164
2557.100442	1.567174	0.056789	2006.412476
2557.101373	1.550142	0.056789	3449.594238
2557.102424	1.503464	0.056789	5029.735352
2557.103381	1.461533	0.056789	6428.422852
2557.104253	1.424802	0.056789	7670.850586
2557.105313	1.382662	0.056789	9136.472656
2557.106332	1.343950	0.056789	10505.958008
2557.107214	1.311599	0.056789	11662.788086
2557.108198	1.278267	0.056789	12920.602539
2557.109246	0.710270	0.056789	13664.964844
2557.110155	0.104026	0.056789	13759.524414
2557.111027	0.098269	0.056789	13845.214844
2557.112084	0.098419	0.056789	13949.244141
2557.113081	0.098317	0.056789	14047.265625
2557.113969	0.098412	0.056789	14134.655273
2557.114928	0.098375	0.056789	14228.997070
2557.115985	0.098342	0.056789	14332.945312
2557.116911	0.098412	0.056789	14424.074219
2557.117771	0.098368	0.056789	14508.670898
2557.118852	0.098448	0.056789	14615.093750
2558.132053	1.185681	0.072954	688.880798
2558.133059	1.569943	0.072954	2268.243164
2558.133948	1.544458	0.072954	3641.266357
2558.134815	1.504028	0.072954	4945.258789
2558.135917	1.457476	0.072954	6551.396973
2558.136822	1.419324	0.072954	7835.884766
2558.137710	1.384021	0.072954	9064.895508
2558.138701	1.346422	0.072954	10399.200195
2558.139712	1.309424	0.072954	11723.027344
2558.140614	1.278281	0.072954	12876.037109
2558.141485	0.899989	0.072954	13659.927734
2558.142581	0.108051	0.072954	13778.351562
2558.143489	0.098350	0.072954	13867.653320
2558.144369	0.098437	0.072954	13954.278320
2558.145378	0.098474	0.072954	14053.638672
2558.146372	0.098328	0.072954	14151.375977
2558.147265	0.098306	0.072954	14239.163086
2558.148122	0.098284	0.072954	14323.392578
2558.149224	0.098394	0.072954	14431.822266
2558.150125	0.098276	0.072954	14520.369141
2558.150992	0.098280	0.072954	14605.578125
2559.153113	1.091788	0.058634	484.754059
2559.153980	1.562139	0.058634	1839.128296
2559.155012	1.550182	0.058634	3438.916016
2559.156036	1.504999	0.058634	4980.034668
2559.156928	1.465140	0.058634	6286.939941
2559.157873	1.425714	0.058634	7634.239746
2559.158942	1.382867	0.058634	9112.525391
2559.159889	1.346814	0.058634	10387.958008
2559.160752	1.314477	0.058634	11522.351562
2559.161799	1.278098	0.058634	12860.520508
2559.162827	0.763246	0.058634	13645.136719
2559.163715	0.107922	0.058634	13740.971680
2559.164686	0.098492	0.058634	13836.607422
2559.165736	0.098350	0.058634	13939.875000
2559.166655	0.098258	0.058634	14030.173828
2559.167520	0.098339	0.058634	14115.236328
2559.168602	0.098456	0.058634	14221.765625
2559.169599	0.098346	0.058634	14319.816406
2559.170497	0.098394	0.058634	14408.173828
2559.171480	0.098427	0.058634	14504.926758
2559.172533	0.098353	0.058634	14608.493164
2560.188982	1.177613	0.071710	633.556091
2560.189905	1.568456	0.071710	2081.240723
2560.190769	1.549318	0.071710	3419.851074
2560.191853	1.502662	0.071710	5048.737305
2560.192842	1.458776	0.071710	6491.466309
2560.193729	1.422063	0.071710	7752.835937
2560.194728	1.382589	0.071710	9134.042969
2560.195777	1.342921	0.071710	10542.767578
2560.196664	1.309951	0.071710	11704.694336
2560.197537	1.277955	0.071710	12820.349609
2560.198658	0.697749	0.071710	13602.526367
2560.199617	0.102407	0.071710	13700.735352
2560.200489	0.098236	0.071710	13786.397461
2560.201502	0.098536	0.071710	13886.214844
2560.202555	0.098320	0.071710	13989.746094
2560.203452	0.098317	0.071710	14077.936523
2560.204381	0.098394	0.071710	14169.343750
2560.205436	0.098269	0.071710	14273.017578
2560.206385	0.098353	0.071710	14366.354492
2560.207250	0.098357	0.071710	14451.433594
2560.208282	0.098430	0.071710	14553.013672
2561.208349	1.155491	0.058642	586.989319
2561.209345	1.569499	0.058642	2150.210693
2561.210243	1.547399	0.058642	3539.774658
2561.211239	1.503311	0.058642	5037.072266
2561.212308	1.456066	0.058642	6593.606445
2561.213222	1.417925	0.058642	7889.589844
2561.214096	1.381282	0.058642	9096.830078
2561.215202	1.341233	0.058642	10580.233398
2561.216179	1.306077	0.058642	11856.270508
2561.217051	1.275846	0.058642	12968.808594
2561.218104	0.646663	0.058642	13649.744141
2561.219134	0.100258	0.058642	13753.009766
2561.220034	0.098350	0.058642	13841.524414
2561.220959	0.098335	0.058642	13932.484375
2561.222022	0.098463	0.058642	14037.150391
2561.222976	0.098287	0.058642	14130.916992
2561.223839	0.098320	0.058642	14215.767578
2561.224898	0.098258	0.058642	14319.823242
2561.225914	0.098276	0.058642	14419.671875
2561.226794	0.098309	0.058642	14506.184570
2561.227760	0.098313	0.058642	14601.155273
2562.247350	1.081479	0.069986	455.302826
2562.248455	1.567364	0.069986	2187.240479
2562.249423	1.544249	0.069986	3682.073730
2562.250284	1.505094	0.069986	4977.959961
2562.251324	1.458746	0.069986	6495.056152
2562.252367	1.415988	0.069986	7971.931152
2562.253262	1.380176	0.069986	9207.188477
2562.254202	1.344833	0.069986	10471.331055
2562.255271	1.305868	0.069986	11867.303711
2562.256216	1.273363	0.069986	13070.631836
2562.257093	0.768450	0.069986	13744.562500
2562.258149	0.102664	0.069986	13852.975586
2562.259153	0.098210	0.069986	13951.579102
2562.260043	0.098346	0.069986	14039.107422
2562.260992	0.098394	0.069986	14132.482422
2562.262041	0.098437	0.069986	14235.743164
2562.262969	0.098342	0.069986	14327.004883
2562.263831	0.098350	0.069986	14411.782227
2562.264898	0.098492	0.069986	14516.874023
2562.265890	0.098251	0.069986	14614.338867
2562.266779	0.098324	0.069986	14701.749023
2563.261516	1.188695	0.060503	678.744873
2563.262521	1.570155	0.060503	2256.750732
2563.263421	1.544729	0.060503	3647.006836
2563.264286	1.504351	0.060503	4948.270020
2563.265383	1.458252	0.060503	6547.972656
2563.266286	1.419979	0.060503	7830.213867
2563.267167	1.384856	0.060503	9050.271484
2563.268182	1.346719	0.060503	10417.191406
2563.269182	1.310046	0.060503	11727.237305
2563.270060	1.279193	0.060503	12850.369141
2563.270928	0.924913	0.060503	13653.194336
2563.272032	0.110057	0.060503	13774.697266
2563.272951	0.098357	0.060503	13865.086914
2563.273829	0.098445	0.060503	13951.521484
2563.274801	0.098467	0.060503	14047.231445
2563.275794	0.098375	0.060503	14144.917969
2563.276683	0.098328	0.060503	14232.331055
2563.277547	0.098470	0.060503	14317.409180
2563.278642	0.098485	0.060503	14425.250000
2563.279555	0.098372	0.060503	14515.063477
2563.280429	0.098306	0.060503	14600.982422
2564.304161	1.121433	0.067218	587.630981
2564.305220	1.568679	0.067218	2248.862305
2564.306144	1.543517	0.067218	3675.071777
2564.307005	1.503464	0.067218	4969.554687
2564.308082	1.457117	0.067218	6538.869141
2564.309064	1.415977	0.067218	7929.357910
2564.309959	1.380663	0.067218	9165.050781
2564.310948	1.343295	0.067218	10493.569336
2564.312010	1.304993	0.067218	11879.471680
2564.312926	1.273136	0.067218	13045.664062
2564.313803	0.733737	0.067218	13689.151367
2564.314901	0.101378	0.067218	13800.464844
2564.315861	0.098236	0.067218	13894.771484
2564.316735	0.098448	0.067218	13980.815430
2564.317776	0.098474	0.067218	14083.327148
2564.318817	0.098339	0.067218	14185.697266
2564.319705	0.098441	0.067218	14273.113281
2564.320596	0.098437	0.067218	14360.821289
2564.321684	0.098467	0.067218	14467.953125
2564.322632	0.098313	0.067218	14561.154297
2564.323493	0.098328	0.067218	14645.814453
2565.316533	1.058844	0.057425	444.714478
2565.317540	1.562509	0.057425	2018.160645
2565.318609	1.544041	0.057425	3668.739990
2565.319519	1.502802	0.057425	5036.289551
2565.320409	1.462145	0.057425	6337.598633
2565.321509	1.417577	0.057425	7896.933105
2565.322475	1.379586	0.057425	9229.613281
2565.323346	1.346301	0.057425	10402.242187
2565.324400	1.308091	0.057425	11780.969727
2565.325438	1.272206	0.057425	13101.519531
2565.326346	0.689290	0.057425	13727.394531
2565.327303	0.105201	0.057425	13828.072266
2565.328347	0.098357	0.057425	13930.756836
2565.329290	0.098335	0.057425	14023.486328
2565.330152	0.098328	0.057425	14108.245117
2565.331198	0.098566	0.057425	14211.344727
2565.332199	0.098386	0.057425	14309.829102
2565.333081	0.098379	0.057425	14396.599609
2565.334062	0.098416	0.057425	14493.145508
2565.335095	0.098269	0.057425	14594.657227
2565.336015	0.098258	0.057425	14685.054687
2566.361303	1.090031	0.066271	494.873871
2566.362312	1.568364	0.066271	2077.353271
2566.363235	1.548406	0.066271	3506.531738
2566.364121	1.508917	0.066271	4843.432617
2566.365192	1.462295	0.066271	6409.550781
2566.366092	1.424176	0.066271	7691.309570
2566.366974	1.388401	0.066271	8915.878906
2566.367859	1.353406	0.066271	10113.642578
2566.368911	1.315983	0.066271	11498.056641
2566.369796	1.284888	0.066271	12635.182617
2566.370668	1.146420	0.066271	13634.860352
2566.371673	0.176931	0.066271	13812.675781
2566.372591	0.098251	0.066271	13902.870117
2566.373510	0.098441	0.066271	13993.337891
2566.374380	0.098441	0.066271	14078.981445
2566.375409	0.098218	0.066271	14180.047852
2566.376297	0.098298	0.066271	14267.336914
2566.377183	0.098478	0.066271	14354.587891
2566.378147	0.098459	0.066271	14449.502930
2566.379110	0.098335	0.066271	14544.199219
2566.380038	0.098379	0.066271	14635.495117
2567.371284	1.145504	0.057325	577.334045
2567.372244	1.568474	0.057325	2083.069336
2567.373118	1.550145	0.057325	3437.896240
2567.374142	1.504347	0.057325	4978.347656
2567.375190	1.458530	0.057325	6506.887695
2567.376087	1.421082	0.057325	7781.597656
2567.377023	1.383724	0.057325	9076.763672
2567.378091	1.342980	0.057325	10511.066406
2567.379042	1.308724	0.057325	11755.663086
2567.379912	1.278084	0.057325	12867.595703
2567.380985	0.711064	0.057325	13630.568359
2567.382007	0.101213	0.057325	13734.008789
2567.382901	0.098258	0.057325	13821.851562
2567.383863	0.098544	0.057325	13916.650391
2567.384904	0.098441	0.057325	14019.127930
2567.385814	0.098313	0.057325	14108.592773
2567.386676	0.098412	0.057325	14193.423828
2567.387748	0.098342	0.057325	14298.846680
2567.388748	0.098291	0.057325	14397.137695
2567.389627	0.098408	0.057325	14483.638672
2567.390630	0.098544	0.057325	14582.477539
2568.419014	1.078619	0.065313	470.278046
2568.419880	1.560901	0.065313	1822.018188
2568.420960	1.548267	0.065313	3494.145996
2568.421960	1.503571	0.065313	4997.716797
2568.422860	1.463745	0.065313	6315.087402
2568.423850	1.423096	0.065313	7723.952148
2568.424911	1.380754	0.065313	9188.932617
2568.425829	1.345316	0.065313	10423.932617
2568.426697	1.312379	0.065313	11563.078125
2568.427795	1.275762	0.065313	12963.864258
2568.428778	0.743547	0.065313	13694.771484
2568.429641	0.107589	0.065313	13787.621094
2568.430715	0.098401	0.065313	13893.303711
2568.431746	0.098320	0.065313	13994.671875
2568.432627	0.098265	0.065313	14081.244141
2568.433543	0.098375	0.065313	14171.355469
2568.434598	0.098317	0.065313	14275.079102
2568.435547	0.098306	0.065313	14368.371094
2568.436408	0.098379	0.065313	14453.075195
2568.437436	0.098335	0.065313	14554.163086
2568.438477	0.098383	0.065313	14656.579102
2569.425855	1.063931	0.058537	455.362305
2569.426731	1.560769	0.058537	1822.596069
2569.427666	1.553752	0.058537	3275.354492
2569.428667	1.510437	0.058537	4787.301758
2569.429590	1.469462	0.058537	6143.614746
2569.430468	1.432178	0.058537	7401.066895
2569.431585	1.388060	0.058537	8951.530273
2569.432487	1.352607	0.058537	10171.582031
2569.433368	1.320172	0.058537	11334.653320
2569.434274	1.288165	0.058537	12501.731445
2569.435310	1.082109	0.058537	13622.796875
2569.436194	0.166791	0.058537	13770.240234
2569.437064	0.098196	0.058537	13855.670898
2569.438082	0.098298	0.058537	13955.738281
2569.438969	0.098302	0.058537	14042.932617
2569.439895	0.098317	0.058537	14133.973633
2569.440770	0.098350	0.058537	14220.029297
2569.441814	0.098218	0.058537	14322.568359
2569.442707	0.098335	0.058537	14410.381836
2569.443584	0.098265	0.058537	14496.560547
2569.444555	0.098437	0.058537	14592.143555
2570.475705	1.059987	0.060930	445.194366
2570.476596	1.559410	0.060930	1834.629028
2570.477708	1.546205	0.060930	3554.008789
2570.478673	1.503699	0.060930	5005.078125
2570.479544	1.464620	0.060930	6280.762695
2570.480599	1.420778	0.060930	7779.683105
2570.481621	1.379941	0.060930	9189.983398
2570.482524	1.345789	0.060930	10405.230469
2570.483492	1.311160	0.060930	11674.433594
2570.484556	1.273868	0.060930	13029.830078
2570.485490	0.724270	0.060930	13706.297852
2570.486354	0.107007	0.060930	13798.751953
2570.487439	0.098405	0.060930	13905.520508
2570.488425	0.098298	0.060930	14002.442383
2570.489314	0.098309	0.060930	14089.839844
2570.490315	0.098386	0.060930	14188.324219
2570.491342	0.098320	0.060930	14289.298828
2570.492244	0.098269	0.060930	14377.937500
2570.493103	0.098339	0.060930	14462.410156
2570.494202	0.098448	0.060930	14570.605469
2570.495195	0.098232	0.060930	14668.150391
2571.482055	1.079308	0.058569	472.736877
2571.482921	1.560688	0.058569	1824.293213
2571.483998	1.548406	0.058569	3491.926270
2571.484996	1.503904	0.058569	4992.822266
2571.485898	1.464089	0.058569	6313.430664
2571.486905	1.422744	0.058569	7746.133789
2571.487959	1.380699	0.058569	9201.390625
2571.488861	1.345734	0.058569	10415.242187
2571.489725	1.313104	0.058569	11549.763672
2571.490821	1.276494	0.058569	12948.800781
2571.491796	0.768376	0.058569	13697.967773
2571.492655	0.109424	0.058569	13791.962891
2571.493736	0.098324	0.058569	13898.250977
2571.494769	0.098320	0.058569	13999.815430
2571.495657	0.098364	0.058569	14087.163086
2571.496573	0.098361	0.058569	14177.261719
2571.497654	0.098357	0.058569	14283.585937
2571.498595	0.098309	0.058569	14376.094727
2571.499460	0.098273	0.058569	14461.100586
2571.500483	0.098357	0.058569	14561.719727
2571.501513	0.098309	0.058569	14662.978516
2572.531252	1.167513	0.062553	619.949646
2572.532153	1.567720	0.062553	2032.465088
2572.533032	1.551028	0.062553	3395.818604
2572.533918	1.510616	0.062553	4734.224609
2572.534952	1.465792	0.062553	6249.853516
2572.535844	1.428248	0.062553	7523.851074
2572.536722	1.393008	0.062553	8746.912109
2572.537754	1.354409	0.062553	10144.662109
2572.538681	1.319081	0.062553	11367.450195
2572.539614	1.286825	0.062553	12568.057617
2572.540475	1.123975	0.062553	13535.799805
2572.541504	0.160759	0.062553	13701.220703
2572.542394	0.098203	0.062553	13788.621094
2572.543271	0.098430	0.062553	13874.944336
2572.544251	0.098339	0.062553	13971.316406
2572.545209	0.098372	0.062553	14065.556641
2572.546126	0.098353	0.062553	14155.747070
2572.546989	0.098265	0.062553	14240.549805
2572.548018	0.098243	0.062553	14341.642578
2572.548896	0.098207	0.062553	14427.868164
2572.549775	0.098375	0.062553	14514.339844
2573.538744	1.060862	0.057623	445.561981
2573.539646	1.559454	0.057623	1852.189819
2573.540735	1.546802	0.057623	3536.656982
2573.541704	1.504069	0.057623	4994.099609
2573.542570	1.465269	0.057623	6263.022461
2573.543608	1.422257	0.057623	7739.325195
2573.544629	1.381538	0.057623	9149.875977
2573.545517	1.347473	0.057623	10346.431641
2573.546476	1.313214	0.057623	11605.803711
2573.547540	1.276044	0.057623	12963.513672
2573.548474	0.795476	0.057623	13706.488281
2573.549332	0.111896	0.057623	13802.495117
2573.550416	0.098331	0.057623	13909.085937
2573.551418	0.098258	0.057623	14007.540039
2573.552294	0.098295	0.057623	14093.646484
2573.553251	0.098405	0.057623	14187.819336
2573.554315	0.098412	0.057623	14292.529297
2573.555215	0.098390	0.057623	14381.080078
2573.556085	0.098328	0.057623	14466.625000
2573.557154	0.098408	0.057623	14571.823242
2573.558147	0.098342	0.057623	14669.477539
2574.587155	1.150675	0.061244	577.638855
2574.588121	1.568807	0.061244	2093.106689
2574.589008	1.549101	0.061244	3467.159668
2574.590021	1.504409	0.061244	4991.125977
2574.591079	1.457882	0.061244	6533.565430
2574.591972	1.420378	0.061244	7801.963379
2574.592880	1.383215	0.061244	9057.922852
2574.593980	1.342376	0.061244	10534.536133
2574.594933	1.307820	0.061244	11780.888672
2574.595810	1.277186	0.061244	12900.981445
2574.596876	0.695303	0.061244	13642.173828
2574.597894	0.100931	0.061244	13744.921875
2574.598787	0.098386	0.061244	13832.781250
2574.599747	0.098511	0.061244	13927.351562
2574.600802	0.098342	0.061244	14031.102539
2574.601732	0.098397	0.061244	14122.612305
2574.602594	0.098280	0.061244	14207.330078
2574.603668	0.098481	0.061244	14313.099609
2574.604660	0.098309	0.061244	14410.622070
2574.605540	0.098302	0.061244	14497.127930
2574.606526	0.098467	0.061244	14594.215820
2575.593402	1.080110	0.056966	456.886475
2575.594468	1.568368	0.056966	2128.766602
2575.595367	1.548061	0.056966	3520.473877
2575.596248	1.508877	0.056966	4849.794434
2575.597197	1.467034	0.056966	6242.009277
2575.598171	1.426274	0.056966	7631.200684
2575.599095	1.389104	0.056966	8914.732422
2575.599965	1.355226	0.056966	10093.779297
2575.601014	1.317656	0.056966	11476.000977
2575.601894	1.285785	0.056966	12607.491211
2575.602779	1.159600	0.056966	13633.736328
2575.603672	0.209216	0.056966	13820.566406
2575.604688	0.098229	0.056966	13920.367187
2575.605597	0.098350	0.056966	14009.766602
2575.606488	0.098408	0.056966	14097.448242
2575.607495	0.098368	0.056966	14196.504883
2575.608420	0.098276	0.056966	14287.410156
2575.609308	0.098412	0.056966	14374.799805
2575.610307	0.098492	0.056966	14473.193359
2575.611298	0.098298	0.056966	14570.607422
2575.612179	0.098306	0.056966	14657.214844
2576.643592	1.137729	0.059423	568.864685
2576.644571	1.568686	0.059423	2104.608643
2576.645466	1.548611	0.059423	3490.615234
2576.646452	1.504951	0.059423	4974.497070
2576.647518	1.458387	0.059423	6529.138184
2576.648410	1.420594	0.059423	7796.308594
2576.649277	1.384310	0.059423	8996.505859
2576.650384	1.343840	0.059423	10484.136719
2576.651334	1.309534	0.059423	11728.193359
2576.652203	1.279241	0.059423	12839.853516
2576.653253	0.766674	0.059423	13644.860352
2576.654280	0.103539	0.059423	13751.194336
2576.655162	0.098291	0.059423	13837.886719
2576.656099	0.098518	0.059423	13930.198242
2576.657154	0.098467	0.059423	14034.081055
2576.658097	0.098474	0.059423	14126.942383
2576.658956	0.098357	0.059423	14211.430664
2576.660002	0.098588	0.059423	14314.553711
2576.661034	0.098379	0.059423	14416.081055
2576.661918	0.098430	0.059423	14503.093750
2576.662879	0.098427	0.059423	14597.681641
2577.650454	1.147299	0.053908	574.796570
2577.651377	1.567335	0.053908	2021.447021
2577.652256	1.551156	0.053908	3384.913086
2577.653228	1.509207	0.053908	4851.861816
2577.654252	1.462841	0.053908	6349.810547
2577.655144	1.425677	0.053908	7621.514648
2577.656009	1.390005	0.053908	8823.869141
2577.657079	1.349930	0.053908	10268.294922
2577.658019	1.315386	0.053908	11504.757812
2577.658902	1.284653	0.053908	12639.106445
2577.659864	1.010980	0.053908	13611.668945
2577.660889	0.127581	0.053908	13742.439453
2577.661784	0.098262	0.053908	13830.383789
2577.662640	0.098408	0.053908	13914.621094
2577.663708	0.098383	0.053908	14019.693359
2577.664639	0.098317	0.053908	14111.226562
2577.665521	0.098452	0.053908	14198.061523
2577.666453	0.098448	0.053908	14289.815430
2577.667508	0.098276	0.053908	14393.497070
2577.668400	0.098302	0.053908	14481.182617
2577.669260	0.098448	0.053908	14565.848633
2578.699608	1.202109	0.057393	699.627686
2578.700664	1.569232	0.057393	2356.736816
2578.701553	1.542103	0.057393	3727.666504
2578.702449	1.500505	0.057393	5072.119141
2578.703564	1.453272	0.057393	6692.516602
2578.704523	1.413783	0.057393	8048.334473
2578.705387	1.378898	0.057393	9239.702148
2578.706413	1.339896	0.057393	10614.435547
2578.707442	1.303180	0.057393	11955.407227
2578.708340	1.272224	0.057393	13097.864258
2578.709289	0.667167	0.057393	13731.005859
2578.710348	0.100272	0.057393	13837.194336
2578.711281	0.098386	0.057393	13928.988281
2578.712149	0.098408	0.057393	14014.406250
2578.713205	0.098522	0.057393	14118.445312
2578.714212	0.098419	0.057393	14217.553711
2578.715108	0.098437	0.057393	14305.753906
2578.716080	0.098408	0.057393	14401.406250
2578.717121	0.098441	0.057393	14503.883789
2578.718041	0.098463	0.057393	14594.469727
2578.718905	0.098463	0.057393	14679.541992
2579.706402	1.163035	0.055709	597.799805
2579.707424	1.569038	0.055709	2201.356689
2579.708311	1.546234	0.055709	3572.866211
2579.709297	1.503146	0.055709	5054.967773
2579.710355	1.456260	0.055709	6595.690430
2579.711266	1.418167	0.055709	7887.640137
2579.712129	1.382300	0.055709	9080.564453
2579.713216	1.342592	0.055709	10539.961914
2579.714215	1.306223	0.055709	11844.878906
2579.715089	1.275835	0.055709	12959.958984
2579.716082	0.717938	0.055709	13672.872070
2579.717138	0.101785	0.055709	13780.356445
2579.718030	0.098342	0.055709	13868.078125
2579.718899	0.098441	0.055709	13953.623047
2579.720000	0.098503	0.055709	14062.075195
2579.720973	0.098437	0.055709	14157.854492
2579.721839	0.098364	0.055709	14243.038086
2579.722892	0.098500	0.055709	14346.758789
2579.723925	0.098580	0.055709	14448.591797
2579.724819	0.098492	0.055709	14536.643555
2579.725727	0.098379	0.055709	14625.971680
2580.755147	1.074921	0.059093	469.740326
2580.756009	1.560747	0.059093	1815.104248
2580.757029	1.550808	0.059093	3396.928467
2580.757946	1.510074	0.059093	4781.666992
2580.758827	1.470842	0.059093	6077.479004
2580.759689	1.432588	0.059093	7312.369629
2580.760760	1.390891	0.059093	8802.013672
2580.761653	1.356548	0.059093	10013.411133
2580.762534	1.324233	0.059093	11180.060547
2580.763557	1.288890	0.059093	12498.595703
2580.764498	1.148844	0.059093	13579.658203
2580.765432	0.195322	0.059093	13762.088867
2580.766297	0.098339	0.059093	13847.151367
2580.767321	0.098368	0.059093	13947.879883
2580.768201	0.098298	0.059093	14034.382812
2580.769077	0.098437	0.059093	14120.614258
2580.770054	0.098401	0.059093	14216.751953
2580.771004	0.098372	0.059093	14310.205078
2580.771917	0.098361	0.059093	14400.007812
2580.772798	0.098346	0.059093	14486.650391
2580.773845	0.098394	0.059093	14589.667969
2581.762853	1.156249	0.051701	594.311829
2581.763895	1.569034	0.051701	2229.245850
2581.764777	1.545729	0.051701	3592.578613
2581.765768	1.502179	0.051701	5081.237793
2581.766836	1.455092	0.051701	6635.275391
2581.767741	1.416830	0.051701	7917.506348
2581.768609	1.381271	0.051701	9116.449219
2581.769670	1.341863	0.051701	10540.166016
2581.770669	1.305670	0.051701	11844.530273
2581.771568	1.274861	0.051701	12990.629883
2581.772565	0.687989	0.051701	13676.555664
2581.773603	0.101136	0.051701	13781.535156
2581.774512	0.098394	0.051701	13870.974609
2581.775374	0.098463	0.051701	13955.849609
2581.776493	0.098533	0.051701	14066.107422
2581.777465	0.098379	0.051701	14161.731445
2581.778336	0.098514	0.051701	14247.537109
2581.779365	0.098456	0.051701	14348.847656
2581.780410	0.098434	0.051701	14451.710937
2581.781304	0.098459	0.051701	14539.733398
2581.782236	0.098412	0.051701	14631.453125
2582.810139	1.151312	0.060305	588.320557
2582.811034	1.566595	0.060305	1990.423462
2582.811896	1.550782	0.060305	3327.197754
2582.813002	1.503999	0.060305	4990.620605
2582.813970	1.460541	0.060305	6404.423828
2582.814852	1.424246	0.060305	7660.608398
2582.815884	1.383472	0.060305	9088.351562
2582.816936	1.343698	0.060305	10501.921875
2582.817820	1.311006	0.060305	11660.851562
2582.818732	1.278516	0.060305	12826.857422
2582.819821	0.727522	0.060305	13619.128906
2582.820765	0.103729	0.060305	13717.048828
2582.821631	0.098364	0.060305	13802.232422
2582.822648	0.098416	0.060305	13902.321289
2582.823669	0.098350	0.060305	14002.736328
2582.824563	0.098423	0.060305	14090.726562
2582.825495	0.098540	0.060305	14182.565430
2582.826562	0.098401	0.060305	14287.559570
2582.827499	0.098357	0.060305	14379.719727
2582.828364	0.098478	0.060305	14464.903320
2582.829406	0.098547	0.060305	14567.589844
