crossing time (s)	slope (V/s)	crossing number
9748.492978	1.244389	6639
9752.482157	2.954058	6640
9753.423945	2.398156	6641
9754.514494	3.153608	6642
9755.476290	3.072984	6643
9756.556986	2.449157	6644
9757.529621	2.554821	6645
9758.610974	2.447496	6646
9759.592796	2.877804	6647
9760.670141	2.528351	6648
9761.651560	3.005520	6649
9762.726697	2.591236	6650
9763.706143	3.017706	6651
9764.785381	2.739561	6652
9765.762305	3.451147	6653
9766.840537	2.765806	6654
9767.814690	3.322592	6655
9768.893799	3.196183	6656
9769.872145	3.462741	6657
9770.947930	3.379311	6658
9771.924468	3.569271	6659
9773.001932	3.513732	6660
9773.987239	3.885406	6661
9775.058907	3.457768	6662
9776.052192	3.946290	6663
9777.114326	3.216039	6664
9778.118282	4.076157	6665
9779.171786	2.969723	6666
9780.173775	4.384654	6667
9781.231724	3.202424	6668
9782.229342	4.262305	6669
9783.286601	3.221147	6670
9784.285785	4.088997	6671
9785.333547	3.310515	6672
9786.344724	4.252710	6673
9787.392173	3.038678	6674
9788.399771	4.352534	6675
9789.448071	2.971277	6676
9790.453197	4.743389	6677
9791.508355	3.114886	6678
9792.500173	5.111244	6679
9793.558378	3.425957	6680
9794.552861	5.302492	6681
9795.612991	3.539347	6682
9796.603691	5.297317	6683
9797.659699	3.724264	6684
9798.650634	5.475833	6685
9799.710047	3.920040	6686
9800.698632	5.122570	6687
9801.758316	4.294251	6688
9802.746659	4.825699	6689
9803.811330	4.565223	6690
9804.792089	4.485783	6691
9805.866693	4.658393	6692
9806.844868	4.347912	6693
9807.920919	4.618096	6694
9808.898321	4.333490	6695
9809.976721	4.528508	6696
9810.954252	4.630035	6697
9812.030737	4.352937	6698
9813.009459	4.658298	6699
9814.083743	4.280740	6700
9815.064459	4.656406	6701
9816.138713	4.168476	6702
9817.118856	4.690146	6703
9818.190276	4.234311	6704
9819.173230	4.583179	6705
9820.243050	4.338468	6706
9821.223802	4.680354	6707
9822.295625	4.544995	6708
9823.277388	4.656956	6709
9824.345676	4.734781	6710
9825.331542	4.972224	6711
9826.401775	4.837590	6712
9827.390606	5.191366	6713
9828.452820	4.830694	6714
9829.446300	5.391185	6715
9830.504383	4.811928	6716
9831.503880	5.332465	6717
9832.555176	4.719233	6718
9833.559190	5.186153	6719
9834.608197	4.643359	6720
9835.616487	5.156414	6721
9836.661056	4.598831	6722
9837.669359	5.125450	6723
9838.714821	4.557888	6724
9839.723246	4.932792	6725
9840.766447	4.451082	6726
9841.776132	5.017723	6727
9842.818683	4.546331	6728
9843.831802	4.906971	6729
9844.872269	4.374588	6730
9845.882612	5.058001	6731
9846.924521	4.604093	6732
9847.938105	5.045272	6733
9848.978099	4.657238	6734
9849.985316	5.325688	6735
9851.030855	4.752560	6736
9852.034896	5.534750	6737
9853.083101	4.950308	6738
9854.085915	5.662983	6739
9855.135707	5.102019	6740
9856.135203	5.812456	6741
9857.192809	5.290548	6742
9858.186146	5.652879	6743
9859.244903	5.316954	6744
9860.235876	5.485119	6745
9861.299095	5.070599	6746
9862.283102	5.191640	6747
9863.342518	5.166111	6748
9864.335213	5.351707	6749
9865.406483	5.501216	6750
9866.396406	5.592129	6751
9867.451282	4.777188	6752
9868.442136	5.137351	6753
9869.506701	5.219386	6754
9870.493936	5.309555	6755
9871.557535	5.052238	6756
9872.549059	5.271343	6757
9873.610014	5.170768	6758
9874.599494	5.307750	6759
9875.663453	5.193174	6760
9876.652708	5.451465	6761
9877.714503	5.335875	6762
9878.703887	5.619192	6763
9879.767893	5.546681	6764
9880.757115	5.729775	6765
9881.818906	5.546689	6766
9882.813175	5.869445	6767
9883.867752	5.617550	6768
9884.867033	6.028886	6769
9885.919981	5.785648	6770
9886.922408	5.987602	6771
9887.972643	5.675727	6772
9888.978117	5.933311	6773
9890.024693	5.519213	6774
9891.031543	5.896744	6775
9892.074934	5.506788	6776
9893.084626	5.864896	6777
9894.129474	5.435764	6778
9895.140091	5.653007	6779
9896.182582	5.359602	6780
9897.191756	5.556530	6781
9898.232915	5.406464	6782
9899.244385	5.535446	6783
9900.287666	5.196829	6784
9901.295624	5.601623	6785
9902.339370	5.274295	6786
9903.347980	5.663657	6787
9904.391227	5.264960	6788
9905.397717	5.915374	6789
9906.443393	5.436142	6790
9907.451389	5.981183	6791
9908.498694	5.515079	6792
9909.499885	6.045510	6793
9910.547226	5.659933	6794
9911.547934	6.269583	6795
9912.602911	5.787759	6796
9913.599379	6.182821	6797
9914.655534	5.783312	6798
9915.648479	6.076207	6799
9916.709837	5.901868	6800
9917.701192	5.996860	6801
9918.762023	5.701022	6802
9919.752722	5.868898	6803
9920.814380	5.657065	6804
9921.804696	5.702231	6805
9922.865726	5.592611	6806
9923.858315	5.810908	6807
9924.917470	5.611538	6808
9925.909931	5.835554	6809
9926.970970	5.679327	6810
9927.961005	5.853189	6811
9929.022902	5.911163	6812
9930.011962	5.888479	6813
9931.076182	5.949048	6814
9932.064979	6.057413	6815
9933.128634	5.893507	6816
9934.118299	6.236288	6817
9935.180550	6.126221	6818
9936.171309	6.309245	6819
9937.231933	6.123130	6820
9938.227280	6.378098	6821
9939.282265	6.121531	6822
9940.280844	6.427488	6823
9941.332747	6.230830	6824
9942.335090	6.403817	6825
9943.383845	6.208289	6826
9944.386849	6.503891	6827
9945.436671	6.208513	6828
9946.441526	6.426563	6829
9947.487394	5.972530	6830
9948.494956	6.572736	6831
9949.538646	6.002448	6832
9950.548465	6.223629	6833
9951.593359	5.775040	6834
9952.600423	6.164232	6835
9953.643612	5.670069	6836
9954.653154	6.062012	6837
9955.695734	5.658178	6838
9956.703684	6.052848	6839
9957.747374	5.645410	6840
9958.758099	6.191356	6841
9959.800592	5.619142	6842
9960.808846	6.315240	6843
9961.850599	5.836119	6844
9962.859476	6.461839	6845
9963.906198	6.020176	6846
9964.908863	6.304915	6847
9965.953595	5.915429	6848
9966.958789	6.361072	6849
9968.005671	6.051325	6850
9969.008751	6.118544	6851
9970.060255	5.884385	6852
9971.058467	5.939111	6853
9972.112169	5.863205	6854
9973.107294	6.017997	6855
9974.163971	5.859686	6856
9975.157118	6.007445	6857
9976.216783	5.870605	6858
9977.207801	6.066746	6859
9978.270717	6.009506	6860
9979.259753	6.053768	6861
9980.321209	6.039377	6862
9981.308461	6.094583	6863
9982.372428	6.150587	6864
9983.359418	6.169038	6865
9984.422814	6.136808	6866
9985.412470	6.214407	6867
9986.475716	6.023226	6868
9987.465601	6.256975	6869
9988.524612	5.946623	6870
9989.518351	6.239794	6871
9990.574039	5.927584	6872
9991.571243	6.215165	6873
9992.625969	5.766824	6874
9993.622540	6.011669	6875
9994.675043	5.732391	6876
9995.675286	5.961046	6877
9996.724547	5.886322	6878
9997.728988	6.005081	6879
9998.775869	5.874776	6880
9999.778800	5.955425	6881
10000.826265	5.843705	6882
10001.830636	6.087068	6883
10002.880221	5.785122	6884
10003.882963	6.007643	6885
10004.930546	5.834752	6886
10005.933481	6.170659	6887
10006.977354	5.583214	6888
10007.986531	6.282625	6889
10009.033546	5.882365	6890
10010.037171	5.398348	6891
10011.083378	5.532897	6892
10012.088109	5.872704	6893
10013.136842	5.708506	6894
10014.139821	6.027755	6895
10015.182758	5.825632	6896
10016.189130	5.643492	6897
10017.235665	5.729780	6898
10018.242110	5.913858	6899
10019.287847	5.738478	6900
10020.289641	5.778824	6901
10021.340755	5.626472	6902
10022.340715	5.861630	6903
10023.393826	5.674959	6904
10024.389565	5.919508	6905
10025.446357	5.726730	6906
10026.440672	5.860692	6907
10027.499556	5.728515	6908
10028.490981	5.842097	6909
10029.552821	5.687068	6910
10030.542575	5.942199	6911
10031.603607	5.552898	6912
10032.593089	5.738009	6913
10033.653307	5.536351	6914
10034.642255	5.844660	6915
10035.708818	5.553116	6916
10036.695638	5.874225	6917
10037.757465	5.462845	6918
10038.745936	5.818922	6919
10039.809514	5.570417	6920
10040.799222	5.711666	6921
10041.856959	5.403913	6922
10042.849720	5.748209	6923
10043.909856	5.577559	6924
10044.903976	5.635001	6925
10045.957754	5.336359	6926
10046.951327	5.592231	6927
10048.008565	5.503997	6928
10049.006575	5.745142	6929
10050.060835	5.467135	6930
10051.057472	5.765040	6931
10052.110403	5.448535	6932
10053.110300	5.768530	6933
10054.160175	5.442990	6934
10055.162863	5.722359	6935
10056.209436	5.421262	6936
10057.216136	5.720380	6937
10058.264061	5.359257	6938
10059.268022	5.598096	6939
10060.313977	5.324522	6940
10061.318264	5.647969	6941
10062.364861	5.390703	6942
10063.370438	5.570674	6943
10064.417123	5.401650	6944
10065.420896	5.499275	6945
10066.466180	5.343830	6946
10067.471439	5.554008	6947
10068.516290	5.373850	6948
