time (s)	coil I (A)	last det (V)	int current (uC)
5351.137239	1.082208	0.100158	477.253845
5351.138112	1.560553	0.100158	1839.616455
5351.138977	1.555770	0.100158	3185.357666
5351.140034	1.511902	0.100158	4783.437988
5351.140910	1.470839	0.100158	6071.892578
5351.141789	1.433877	0.100158	7332.270508
5351.142672	1.121968	0.100158	8322.967773
5351.143717	0.132184	0.100158	8461.099609
5351.144612	0.098265	0.100158	8549.046875
5351.145487	0.098489	0.100158	8635.224609
5351.146471	0.098577	0.100158	8732.223633
5351.147399	0.098430	0.100158	8823.566406
5351.148324	0.098390	0.100158	8914.577148
5351.149188	0.098577	0.100158	8999.747070
5351.150233	0.098470	0.100158	9102.648437
5351.151111	0.098427	0.100158	9189.067383
5351.151976	0.098558	0.100158	9274.320312
5352.179232	1.157633	0.084121	591.550476
5352.180241	1.568701	0.084121	2174.369873
5352.181116	1.547600	0.084121	3528.520020
5352.182108	1.504347	0.084121	5020.832031
5352.183159	1.457893	0.084121	6553.077637
5352.184056	1.419957	0.084121	7826.779297
5352.184920	0.779227	0.084121	8500.031250
5352.186020	0.102122	0.084121	8612.365234
5352.187007	0.098306	0.084121	8709.392578
5352.187883	0.098610	0.084121	8795.774414
5352.188867	0.098643	0.084121	8892.838867
5352.189914	0.098478	0.084121	8995.945312
5352.190801	0.098485	0.084121	9083.301758
5352.191675	0.098621	0.084121	9169.496094
5352.192764	0.098705	0.084121	9276.985352
5352.193728	0.098386	0.084121	9371.830078
5352.194597	0.098632	0.084121	9457.541016
5353.203214	1.134661	0.096057	559.387756
5353.204091	1.564171	0.096057	1931.165771
5353.204955	1.553749	0.096057	3273.604492
5353.206011	1.508295	0.096057	4866.363770
5353.206966	1.465466	0.096057	6265.884277
5353.207841	1.428691	0.096057	7515.989258
5353.208734	0.989282	0.096057	8399.417969
5353.209828	0.112225	0.096057	8522.192383
5353.210711	0.098448	0.096057	8609.122070
5353.211580	0.098518	0.096057	8694.734375
5353.212642	0.098610	0.096057	8799.458008
5353.213621	0.098328	0.096057	8895.720703
5353.214497	0.098489	0.096057	8981.997070
5353.215378	0.098613	0.096057	9068.875000
5353.216483	0.098503	0.096057	9177.721680
5353.217384	0.098525	0.096057	9266.493164
5353.218252	0.098551	0.096057	9352.035156
5354.234299	1.066164	0.077760	453.119904
5354.235302	1.561926	0.077760	2019.731934
5354.236380	1.543769	0.077760	3683.915527
5354.237274	1.503062	0.077760	5027.652344
5354.238161	1.462610	0.077760	6324.987305
5354.239246	1.418471	0.077760	7864.027832
5354.240219	0.614443	0.077760	8461.880859
5354.241086	0.102382	0.077760	8550.645508
5354.242125	0.098518	0.077760	8653.005859
5354.243146	0.098613	0.077760	8753.690430
5354.244030	0.098566	0.077760	8840.822266
5354.244959	0.098639	0.077760	8932.458008
5354.246020	0.098668	0.077760	9037.144531
5354.246955	0.098500	0.077760	9129.242187
5354.247818	0.098569	0.077760	9214.307617
5354.248849	0.098771	0.077760	9316.140625
5354.249873	0.098617	0.077760	9417.124023
5355.272195	1.128622	0.080004	563.182312
5355.273204	1.568093	0.080004	2145.388428
5355.274099	1.547241	0.080004	3530.169434
5355.275078	1.504274	0.080004	5002.853516
5355.276134	1.457585	0.080004	6542.063477
5355.277057	1.419108	0.080004	7851.899902
5355.277928	0.749579	0.080004	8504.783203
5355.279008	0.101396	0.080004	8614.291016
5355.279997	0.098459	0.080004	8711.666992
5355.280888	0.098533	0.080004	8799.459961
5355.281888	0.098566	0.080004	8898.025391
5355.282931	0.098434	0.080004	9000.691406
5355.283814	0.098412	0.080004	9087.588867
5355.284674	0.098577	0.080004	9172.365234
5355.285775	0.098562	0.080004	9280.881836
5355.286728	0.098522	0.080004	9374.773437
5355.287587	0.098518	0.080004	9459.400391
5356.287928	1.082175	0.072838	456.678009
5356.289052	1.567053	0.072838	2218.045898
5356.290021	1.542671	0.072838	3712.894043
5356.290893	1.503662	0.072838	5024.087402
5356.291910	1.458713	0.072838	6507.599121
5356.292952	1.416108	0.072838	7983.184082
5356.293846	0.614202	0.072838	8532.280273
5356.294767	0.102865	0.072838	8627.018555
5356.295835	0.098507	0.072838	8732.223633
5356.296775	0.098386	0.072838	8824.707031
5356.297637	0.098514	0.072838	8909.625977
5356.298688	0.098687	0.072838	9013.345703
5356.299706	0.098544	0.072838	9113.663086
5356.300588	0.098580	0.072838	9200.611328
5356.301558	0.098643	0.072838	9296.294922
5356.302592	0.098544	0.072838	9398.189453
5356.303507	0.098584	0.072838	9488.393555
5357.337532	1.063341	0.068676	448.729919
5357.338569	1.564508	0.068676	2071.124756
5357.339605	1.543634	0.068676	3670.329590
5357.340490	1.504065	0.068676	5001.426758
5357.341460	1.461537	0.068676	6419.117676
5357.342514	1.417749	0.068676	7913.425293
5357.343440	0.632109	0.068676	8498.758789
5357.344296	0.103114	0.068676	8587.024414
5357.345359	0.098602	0.068676	8691.838867
5357.346357	0.098529	0.068676	8790.170898
5357.347225	0.098518	0.068676	8875.684570
5357.348191	0.098665	0.068676	8970.994141
5357.349229	0.098712	0.068676	9073.457031
5357.350136	0.098672	0.068676	9162.952148
5357.351006	0.098672	0.068676	9248.796875
5357.352077	0.098734	0.068676	9354.541016
5357.353057	0.098540	0.068676	9451.110352
5358.343142	1.095037	0.072785	493.861511
5358.344023	1.561633	0.072785	1869.660400
5358.344895	1.555016	0.072785	3225.634277
5358.345810	1.515315	0.072785	4612.147461
5358.346760	1.471831	0.072785	6010.386719
5358.347693	1.433174	0.072785	7347.538086
5358.348574	1.152579	0.072785	8362.960937
5358.349598	0.135612	0.072785	8501.827148
5358.350491	0.098408	0.072785	8589.706055
5358.351412	0.098599	0.072785	8680.515625
5358.352276	0.098558	0.072785	8765.669922
5358.353276	0.098533	0.072785	8864.203125
5358.354194	0.098610	0.072785	8954.726562
5358.355064	0.098544	0.072785	9040.459961
5358.356084	0.098602	0.072785	9141.034180
5358.356961	0.098617	0.072785	9227.521484
5358.357861	0.098525	0.072785	9316.194336
5359.400374	1.056288	0.065446	443.640900
5359.401337	1.560443	0.065446	1946.347534
5359.402384	1.546542	0.065446	3565.576660
5359.403301	1.505438	0.065446	4946.063477
5359.404172	1.465177	0.065446	6222.232422
5359.405274	1.421170	0.065446	7788.361328
5359.406279	0.647446	0.065446	8439.044922
5359.407158	0.103103	0.065446	8529.672852
5359.408172	0.098588	0.065446	8629.640625
5359.409223	0.098584	0.065446	8733.251953
5359.410104	0.098427	0.065446	8819.965820
5359.410988	0.098566	0.065446	8907.097656
5359.412087	0.098610	0.065446	9015.469727
5359.413040	0.098639	0.065446	9109.472656
5359.413899	0.098624	0.065446	9194.190430
5359.414903	0.098741	0.065446	9293.327148
5359.415949	0.098606	0.065446	9396.468750
5360.399857	1.111274	0.074590	521.187683
5360.400746	1.562831	0.074590	1910.544189
5360.401611	1.553481	0.074590	3254.305664
5360.402658	1.509056	0.074590	4834.287598
5360.403534	1.468978	0.074590	6121.112305
5360.404417	1.432181	0.074590	7385.728516
5360.405396	1.028705	0.074590	8392.830078
5360.406341	0.125251	0.074590	8511.192383
5360.407251	0.098339	0.074590	8600.680664
5360.408129	0.098448	0.074590	8687.118164
5360.409171	0.098654	0.074590	8789.915039
5360.410071	0.098507	0.074590	8878.571289
5360.410945	0.098511	0.074590	8964.669922
5360.411867	0.098668	0.074590	9055.641602
5360.412858	0.098525	0.074590	9153.280273
5360.413776	0.098536	0.074590	9243.736328
5360.414643	0.098525	0.074590	9329.158203
5361.460663	1.074968	0.066505	452.561615
5361.461767	1.566218	0.066505	2181.666504
5361.462747	1.543023	0.066505	3693.828613
5361.463620	1.503948	0.066505	5006.774902
5361.464634	1.459537	0.066505	6486.745605
5361.465688	1.416621	0.066505	7979.864258
5361.466567	0.632626	0.066505	8535.942383
5361.467447	0.103099	0.066505	8626.669922
5361.468541	0.098551	0.066505	8734.484375
5361.469486	0.098492	0.066505	8827.559570
5361.470355	0.098555	0.066505	8913.203125
5361.471367	0.098716	0.066505	9013.103516
5361.472408	0.098555	0.066505	9115.699219
5361.473298	0.098580	0.066505	9203.435547
5361.474226	0.098687	0.066505	9295.016602
5361.475291	0.098588	0.066505	9400.012695
5361.476233	0.098606	0.066505	9492.899414
5362.459111	1.114453	0.074215	518.220703
5362.459992	1.562695	0.074215	1894.955200
5362.460857	1.553796	0.074215	3238.989258
5362.461957	1.506965	0.074215	4896.651367
5362.462896	1.464975	0.074215	6272.263184
5362.463780	1.428069	0.074215	7534.675781
5362.464746	0.934453	0.074215	8437.357422
5362.465763	0.108699	0.074215	8547.904297
5362.466646	0.098566	0.074215	8634.937500
5362.467506	0.098478	0.074215	8719.627930
5362.468557	0.098364	0.074215	8823.008789
5362.469490	0.098353	0.074215	8914.772461
5362.470363	0.098500	0.074215	9000.762695
5362.471285	0.098558	0.074215	9091.633789
5362.472344	0.098544	0.074215	9195.991211
5362.473242	0.098613	0.074215	9284.545898
5362.474108	0.098489	0.074215	9369.836914
5363.520441	1.075994	0.065429	451.917328
5363.521547	1.566548	0.065429	2184.519043
5363.522539	1.542195	0.065429	3714.376465
5363.523425	1.502747	0.065429	5045.810059
5363.524430	1.459047	0.065429	6512.151855
5363.525473	1.416156	0.065429	7989.202637
5363.526361	0.622046	0.065429	8541.579102
5363.527246	0.102748	0.065429	8632.510742
5363.528347	0.098514	0.065429	8740.974609
5363.529304	0.098441	0.065429	8835.182617
5363.530175	0.098518	0.065429	8920.992187
5363.531192	0.098580	0.065429	9021.248047
5363.532230	0.098503	0.065429	9123.494141
5363.533114	0.098500	0.065429	9210.568359
5363.534050	0.098610	0.065429	9302.867187
5363.535126	0.098511	0.065429	9408.865234
5363.536067	0.098448	0.065429	9501.504883
5364.517413	1.126399	0.071206	599.244202
5364.518476	1.567972	0.071206	2265.998779
5364.519403	1.542103	0.071206	3695.528564
5364.520268	1.502593	0.071206	4995.271484
5364.521338	1.456560	0.071206	6553.790527
5364.522332	1.415185	0.071206	7960.484863
5364.523232	0.600645	0.071206	8501.064453
5364.524222	0.101902	0.071206	8601.947266
5364.525265	0.098599	0.071206	8704.785156
5364.526157	0.098595	0.071206	8792.731445
5364.527014	0.098602	0.071206	8877.233398
5364.528100	0.098679	0.071206	8984.399414
5364.529089	0.098452	0.071206	9081.768555
5364.529966	0.098533	0.071206	9168.181641
5364.530937	0.098562	0.071206	9263.885742
5364.531998	0.098540	0.071206	9368.436523
5364.532885	0.098533	0.071206	9455.834961
5365.582781	1.063997	0.060491	450.070557
5365.583657	1.558561	0.060491	1815.369751
5365.584786	1.545751	0.060491	3560.522461
5365.585749	1.503274	0.060491	5008.175293
5365.586626	1.464170	0.060491	6292.252441
5365.587650	1.421539	0.060491	7747.908691
5365.588703	0.618472	0.060491	8399.159180
5365.589598	0.101506	0.060491	8490.007812
5365.590541	0.098529	0.060491	8582.920898
5365.591584	0.098602	0.060491	8685.762695
5365.592531	0.098632	0.060491	8779.166992
5365.593395	0.098511	0.060491	8864.280273
5365.594441	0.098665	0.060491	8967.483398
5365.595445	0.098448	0.060491	9066.325195
5365.596337	0.098588	0.060491	9154.265625
5365.597290	0.098654	0.060491	9248.282227
5365.598334	0.098470	0.060491	9351.084961
5366.576061	1.064561	0.067448	451.373657
5366.576960	1.558520	0.067448	1852.483521
5366.578056	1.546132	0.067448	3547.043945
5366.579018	1.503735	0.067448	4993.637207
5366.579883	1.465228	0.067448	6261.059570
5366.580919	1.422275	0.067448	7734.537109
5366.581948	0.667855	0.067448	8421.759766
5366.582830	0.103345	0.067448	8512.910156
5366.583781	0.098503	0.067448	8606.586914
5366.584828	0.098584	0.067448	8709.804687
5366.585756	0.098427	0.067448	8801.144531
5366.586617	0.098441	0.067448	8885.902344
5366.587662	0.098665	0.067448	8989.006836
5366.588689	0.098481	0.067448	9090.147461
5366.589563	0.098470	0.067448	9176.210937
5366.590513	0.098613	0.067448	9269.893555
5366.591570	0.098591	0.067448	9374.104492
5367.641642	1.160237	0.058420	623.047180
5367.642535	1.566383	0.058420	2021.827393
5367.643396	1.549713	0.058420	3356.130371
5367.644506	1.502325	0.058420	5023.711426
5367.645487	1.459526	0.058420	6455.506836
5367.646361	1.423140	0.058420	7699.331055
5367.647400	0.693267	0.058420	8419.634766
5367.648451	0.100488	0.058420	8525.248047
5367.649339	0.098492	0.058420	8612.708984
5367.650253	0.098547	0.058420	8702.781250
5367.651320	0.098613	0.058420	8808.001953
5367.652262	0.098408	0.058420	8900.702148
5367.653131	0.098566	0.058420	8986.355469
5367.654171	0.098672	0.058420	9088.974609
5367.655191	0.098551	0.058420	9189.497070
5367.656086	0.098639	0.058420	9277.779297
5367.657022	0.098562	0.058420	9370.033203
5368.636348	1.059199	0.063464	449.100464
5368.637271	1.558660	0.063464	1887.743286
5368.638323	1.548069	0.063464	3516.311768
5368.639206	1.508291	0.063464	4848.132812
5368.640068	1.469410	0.063464	6114.764648
5368.641101	1.426084	0.063464	7587.909180
5368.642092	0.865627	0.063464	8445.746094
5368.642966	0.112112	0.063464	8543.731445
5368.643844	0.098427	0.063464	8630.150391
5368.644962	0.098588	0.063464	8740.371094
5368.645857	0.098544	0.063464	8828.567383
5368.646722	0.098470	0.063464	8913.744141
5368.647784	0.098602	0.063464	9018.459961
5368.648752	0.098544	0.063464	9113.850586
5368.649633	0.098632	0.063464	9200.745117
5368.650520	0.098434	0.063464	9288.055664
5368.651613	0.098551	0.063464	9395.771484
5369.696186	1.061473	0.060471	450.064758
5369.697238	1.564490	0.060471	2095.907959
5369.698266	1.543506	0.060471	3682.631836
5369.699146	1.503087	0.060471	5005.348633
5369.700085	1.461614	0.060471	6377.803711
5369.701144	1.417690	0.060471	7879.137695
5369.702090	0.634739	0.060471	8479.600586
5369.702958	0.102883	0.060471	8568.903320
5369.703999	0.098544	0.060471	8671.487305
5369.705018	0.098500	0.060471	8771.858398
5369.705909	0.098555	0.060471	8859.670898
5369.706865	0.098518	0.060471	8953.854492
5369.707915	0.098562	0.060471	9057.344727
5369.708842	0.098591	0.060471	9148.739258
5369.709705	0.098511	0.060471	9233.753906
5369.710794	0.098566	0.060471	9341.091797
5369.711784	0.098452	0.060471	9438.559570
5370.697142	1.063462	0.063850	445.590546
5370.698201	1.566368	0.063850	2104.374756
5370.699086	1.548999	0.063850	3475.238770
5370.699957	1.510466	0.063850	4790.854980
5370.700923	1.467715	0.063850	6208.667480
5370.701913	1.426106	0.063850	7620.512695
5370.702836	0.929183	0.063850	8478.148437
5370.703713	0.119235	0.063850	8582.716797
5370.704734	0.098514	0.063850	8683.299805
5370.705636	0.098427	0.063850	8772.080078
5370.706512	0.098427	0.063850	8858.301758
5370.707395	0.098643	0.063850	8945.403320
5370.708433	0.098606	0.063850	9047.755859
5370.709329	0.098514	0.063850	9136.024414
5370.710202	0.098474	0.063850	9221.992187
5370.711212	0.098599	0.063850	9321.577148
5370.712129	0.098434	0.063850	9411.840820
5371.748802	1.076056	0.063129	461.627960
5371.749673	1.559344	0.063129	1819.816895
5371.750783	1.546230	0.063129	3536.132812
5371.751756	1.503373	0.063129	4998.914551
5371.752624	1.464767	0.063129	6270.332031
5371.753655	1.421774	0.063129	7736.180664
5371.754709	0.632190	0.063129	8402.508789
5371.755608	0.101613	0.063129	8493.858398
5371.756545	0.098529	0.063129	8586.179687
5371.757606	0.098558	0.063129	8690.750000
5371.758549	0.098522	0.063129	8783.656250
5371.759413	0.098551	0.063129	8868.804687
5371.760458	0.098591	0.063129	8971.833008
5371.761472	0.098500	0.063129	9071.711914
5371.762368	0.098588	0.063129	9160.046875
5371.763320	0.098558	0.063129	9253.874023
5371.764365	0.098580	0.063129	9356.890625
5372.758482	1.083098	0.062328	472.230743
5372.759358	1.560879	0.062328	1839.560547
5372.760323	1.551932	0.062328	3337.175293
5372.761357	1.506292	0.062328	4894.680664
5372.762253	1.466400	0.062328	6208.575195
5372.763121	1.429706	0.062328	7449.560059
5372.764180	0.889838	0.062328	8391.898437
5372.765124	0.109625	0.062328	8495.384766
5372.765996	0.098379	0.062328	8581.170898
5372.766939	0.098485	0.062328	8674.041992
5372.767976	0.098481	0.062328	8776.166992
5372.768848	0.098243	0.062328	8861.834961
5372.769707	0.098342	0.062328	8946.310547
5372.770747	0.098401	0.062328	9048.647461
5372.771698	0.098350	0.062328	9142.177734
5372.772562	0.098419	0.062328	9227.211914
5372.773444	0.098390	0.062328	9313.992187
5373.802425	1.058145	0.064205	446.537018
5373.803441	1.562966	0.064205	2034.510742
5373.804483	1.543795	0.064205	3643.145508
5373.805380	1.503420	0.064205	4991.713867
5373.806300	1.462332	0.064205	6337.058594
5373.807378	1.418020	0.064205	7865.684082
5373.808338	0.626085	0.064205	8466.725586
5373.809208	0.102561	0.064205	8555.954102
5373.810247	0.098624	0.064205	8658.424805
5373.811266	0.098419	0.064205	8758.713867
5373.812166	0.098555	0.064205	8847.413086
5373.813119	0.098698	0.064205	8941.471680
5373.814158	0.098478	0.064205	9043.790039
5373.815085	0.098448	0.064205	9135.051758
5373.815949	0.098467	0.064205	9220.126953
5373.817019	0.098599	0.064205	9325.627930
5373.818014	0.098401	0.064205	9423.537109
5374.822336	1.060122	0.059443	450.551849
5374.823230	1.558422	0.059443	1843.780762
5374.824318	1.547333	0.059443	3527.278809
5374.825214	1.506951	0.059443	4877.506836
5374.826082	1.468187	0.059443	6151.893555
5374.827112	1.425399	0.059443	7620.054687
5374.828083	0.860530	0.059443	8455.628906
5374.828956	0.111965	0.059443	8553.375000
5374.829815	0.098485	0.059443	8637.973633
5374.830930	0.098544	0.059443	8747.849609
5374.831825	0.098353	0.059443	8835.875977
5374.832701	0.098544	0.059443	8922.200195
5374.833698	0.098558	0.059443	9020.462891
5374.834685	0.098569	0.059443	9117.750977
5374.835571	0.098573	0.059443	9205.086914
5374.836428	0.098456	0.059443	9289.463867
5374.837517	0.098621	0.059443	9396.861328
5375.855040	1.071295	0.070658	456.371735
5375.855905	1.558594	0.070658	1804.555298
5375.857032	1.545802	0.070658	3546.674316
5375.858003	1.502933	0.070658	5006.022461
5375.858878	1.464056	0.070658	6287.071777
5375.859929	1.420144	0.070658	7779.643066
5375.860973	0.606562	0.070658	8412.894531
5375.861865	0.101235	0.070658	8503.196289
5375.862784	0.098547	0.070658	8593.761719
5375.863849	0.098518	0.070658	8698.683594
5375.864796	0.098511	0.070658	8791.973633
5375.865661	0.098580	0.070658	8877.246094
5375.866710	0.098617	0.070658	8980.695312
5375.867707	0.098470	0.070658	9078.870117
5375.868598	0.098481	0.070658	9166.617187
5375.869543	0.098606	0.070658	9259.799805
5375.870592	0.098602	0.070658	9363.233398
5376.886335	1.167338	0.057957	652.541748
5376.887395	1.568284	0.057957	2314.922363
5376.888289	1.542426	0.057957	3693.850830
5376.889153	1.501912	0.057957	4991.502441
5376.890259	1.455396	0.057957	6601.169922
5376.891229	1.415416	0.057957	7974.123535
5376.892094	0.646751	0.057957	8533.562500
5376.893141	0.100536	0.057957	8638.823242
5376.894207	0.098584	0.057957	8743.914062
5376.895079	0.098481	0.057957	8829.790039
5376.896001	0.098459	0.057957	8920.569336
5376.897067	0.098518	0.057957	9025.589844
5376.898012	0.098394	0.057957	9118.571289
5376.898875	0.098419	0.057957	9203.506836
5376.899893	0.098566	0.057957	9303.846680
5376.900915	0.098470	0.057957	9404.483398
5376.901804	0.098503	0.057957	9492.052734
5377.908176	1.094330	0.073708	483.693787
5377.909037	1.559623	0.073708	1826.529053
5377.910150	1.545952	0.073708	3547.173828
5377.911123	1.503270	0.073708	5009.855957
5377.911985	1.464580	0.073708	6272.324219
5377.913053	1.420455	0.073708	7789.370605
5377.914095	0.608258	0.073708	8423.175781
5377.914969	0.101635	0.073708	8512.003906
5377.915884	0.098577	0.073708	8602.201172
5377.916959	0.098573	0.073708	8708.166992
5377.917901	0.098401	0.073708	8800.860352
5377.918760	0.098478	0.073708	8885.453125
5377.919785	0.098591	0.073708	8986.508789
5377.920820	0.098437	0.073708	9088.391602
5377.921710	0.098496	0.073708	9176.052734
5377.922628	0.098503	0.073708	9266.478516
5377.923699	0.098635	0.073708	9372.117187
5378.949051	1.063114	0.060777	448.634064
5378.950083	1.564351	0.060777	2063.043945
5378.951060	1.546179	0.060777	3573.661133
5378.951947	1.506394	0.060777	4909.832520
5378.952842	1.465419	0.060777	6221.382324
5378.953926	1.422389	0.060777	7763.251953
5378.954809	0.852034	0.060777	8515.597656
5378.955666	0.112595	0.060777	8612.091797
5378.956698	0.098492	0.060777	8713.736328
5378.957679	0.098529	0.060777	8810.393555
5378.958552	0.098569	0.060777	8896.444336
5378.959416	0.098375	0.060777	8981.440430
5378.960521	0.098544	0.060777	9090.331055
5378.961418	0.098485	0.060777	9178.671875
5378.962296	0.098591	0.060777	9265.235352
5378.963307	0.098646	0.060777	9364.966797
5378.964302	0.098481	0.060777	9462.956055
5379.963907	1.132797	0.070296	555.070374
5379.964792	1.563955	0.070296	1939.170654
5379.965728	1.550383	0.070296	3390.329346
5379.966791	1.503647	0.070296	4988.706543
5379.967728	1.462101	0.070296	6358.695312
5379.968594	1.425674	0.070296	7593.329102
5379.969644	0.778887	0.070296	8411.160156
5379.970665	0.102488	0.070296	8515.799805
5379.971544	0.098525	0.070296	8602.403320
5379.972499	0.098657	0.070296	8696.621094
5379.973559	0.098555	0.070296	8801.088867
5379.974468	0.098416	0.070296	8890.548828
5379.975334	0.098577	0.070296	8975.916016
5379.976381	0.098558	0.070296	9079.106445
5379.977398	0.098492	0.070296	9179.273437
5379.978289	0.098555	0.070296	9267.085937
5379.979259	0.098606	0.070296	9362.733398
5381.010924	1.105796	0.060668	504.242920
5381.011799	1.562150	0.060668	1871.123901
5381.012666	1.554587	0.060668	3218.951172
5381.013713	1.510389	0.060668	4800.329102
5381.014601	1.469689	0.060668	6105.412598
5381.015468	1.432888	0.060668	7347.726562
5381.016352	1.103939	0.060668	8323.609375
5381.017397	0.129283	0.060668	8458.710937
5381.018297	0.098379	0.060668	8547.251953
5381.019174	0.098525	0.060668	8633.659180
5381.020157	0.098518	0.060668	8730.501953
5381.021093	0.098430	0.060668	8822.632812
5381.022023	0.098485	0.060668	8914.223633
5381.022885	0.098507	0.060668	8999.136719
5381.023914	0.098456	0.060668	9100.447266
5381.024797	0.098540	0.060668	9187.458008
5381.025667	0.098416	0.060668	9273.079102
5382.017982	1.067043	0.061147	453.493469
5382.018930	1.559041	0.061147	1931.463867
5382.019986	1.545773	0.061147	3563.799805
5382.020913	1.504541	0.061147	4958.509277
5382.021779	1.465162	0.061147	6227.339844
5382.022855	1.420983	0.061147	7756.317383
5382.023876	0.639642	0.061147	8409.392578
5382.024773	0.102140	0.061147	8501.011719
5382.025750	0.098654	0.061147	8597.396484
5382.026819	0.098408	0.061147	8702.594727
5382.027730	0.098492	0.061147	8792.321289
5382.028589	0.098544	0.061147	8876.970703
5382.029664	0.098514	0.061147	8982.874023
5382.030638	0.098595	0.061147	9078.905273
5382.031530	0.098595	0.061147	9166.851562
5382.032523	0.098635	0.061147	9264.795898
5382.033559	0.098489	0.061147	9366.830078
5383.073293	1.131738	0.056346	572.659607
5383.074204	1.565804	0.056346	1999.107422
5383.075069	1.550903	0.056346	3340.638672
5383.076137	1.504655	0.056346	4947.609863
5383.077153	1.459794	0.056346	6430.760254
5383.078030	1.423202	0.056346	7678.908203
5383.079015	0.768871	0.056346	8436.246094
5383.080075	0.101906	0.056346	8544.265625
5383.080973	0.098423	0.056346	8632.649414
5383.081838	0.098492	0.056346	8717.845703
5383.082915	0.098580	0.056346	8824.016602
5383.083904	0.098500	0.056346	8921.432617
5383.084797	0.098500	0.056346	9009.392578
5383.085715	0.098547	0.056346	9099.859375
5383.086582	0.098401	0.056346	9185.172852
5383.087584	0.098555	0.056346	9283.924805
5383.088511	0.098456	0.056346	9375.193359
5384.073689	1.104532	0.054472	501.457733
5384.074567	1.561663	0.054472	1872.597534
5384.075537	1.550922	0.054472	3376.991699
5384.076583	1.504739	0.054472	4950.948242
5384.077508	1.463760	0.054472	6304.925781
5384.078379	1.426110	0.054472	7547.067383
5384.079468	0.764978	0.054472	8380.128906
5384.080454	0.102228	0.054472	8480.925781
5384.081341	0.098514	0.054472	8568.307617
5384.082315	0.098591	0.054472	8664.335937
5384.083357	0.098577	0.054472	8767.052734
5384.084252	0.098514	0.054472	8855.222656
5384.085113	0.098536	0.054472	8940.062500
5384.086206	0.098591	0.054472	9047.823242
5384.087173	0.098463	0.054472	9143.037109
5384.088034	0.098650	0.054472	9227.974609
5384.089110	0.098621	0.054472	9334.090820
5385.133086	1.148394	0.049119	589.125916
5385.134003	1.566533	0.049119	2025.636963
5385.134865	1.550105	0.049119	3361.827393
5385.135958	1.503171	0.049119	5004.793945
5385.136964	1.458779	0.049119	6472.325684
5385.137838	1.422158	0.049119	7715.291992
5385.138823	0.732048	0.049119	8436.359375
5385.139887	0.101250	0.049119	8544.089844
5385.140775	0.098500	0.049119	8631.557617
5385.141640	0.098639	0.049119	8716.879883
5385.142728	0.098635	0.049119	8824.195312
5385.143693	0.098503	0.049119	8919.250977
5385.144569	0.098558	0.049119	9005.587891
5385.145549	0.098635	0.049119	9102.250000
5385.146601	0.098470	0.049119	9205.840820
5385.147490	0.098489	0.049119	9293.397461
5385.148354	0.098445	0.049119	9378.454102
5386.131384	1.069640	0.054605	452.457672
5386.132461	1.565171	0.054605	2138.146729
5386.133474	1.542488	0.054605	3700.686768
5386.134348	1.502897	0.054605	5014.218750
5386.135329	1.460050	0.054605	6446.527832
5386.136391	1.415819	0.054605	7950.127930
5386.137314	0.592086	0.054605	8496.623047
5386.138179	0.102037	0.054605	8584.885742
5386.139255	0.098573	0.054605	8690.950195
5386.140246	0.098522	0.054605	8788.584961
5386.141137	0.098544	0.054605	8876.387695
5386.142120	0.098657	0.054605	8973.368164
5386.143162	0.098467	0.054605	9075.970703
5386.144057	0.098588	0.054605	9164.207031
5386.144921	0.098679	0.054605	9249.465820
5386.146011	0.098672	0.054605	9357.018555
5386.146990	0.098632	0.054605	9453.579102
5387.189777	1.134939	0.043072	570.874268
5387.190658	1.565109	0.043072	1949.734985
5387.191544	1.550698	0.043072	3323.653809
5387.192648	1.503680	0.043072	4983.716797
5387.193595	1.461856	0.043072	6368.093750
5387.194458	1.425546	0.043072	7598.339844
5387.195503	0.781721	0.043072	8415.238281
5387.196529	0.102667	0.043072	8520.575195
5387.197401	0.098533	0.043072	8606.496094
5387.198321	0.098525	0.043072	8697.139648
5387.199383	0.098654	0.043072	8801.910156
5387.200321	0.098613	0.043072	8894.409180
5387.201186	0.098478	0.043072	8979.592773
5387.202205	0.098621	0.043072	9080.086914
5387.203233	0.098617	0.043072	9181.464844
5387.204121	0.098621	0.043072	9269.040039
5387.205053	0.098690	0.043072	9361.019531
5388.189205	1.142860	0.056612	574.858582
5388.190159	1.566844	0.056612	2069.628174
5388.191026	1.549688	0.056612	3413.207275
5388.192062	1.504233	0.056612	4971.593262
5388.193104	1.458772	0.056612	6491.633789
5388.193980	1.421561	0.056612	7736.921387
5388.194918	0.792107	0.056612	8479.917969
5388.195980	0.102268	0.056612	8588.526367
5388.196919	0.098441	0.056612	8680.962891
5388.197786	0.098503	0.056612	8766.365234
5388.198808	0.098712	0.056612	8867.249023
5388.199826	0.098591	0.056612	8967.615234
5388.200720	0.098573	0.056612	9055.739258
5388.201660	0.098551	0.056612	9148.376953
5388.202715	0.098727	0.056612	9252.534180
5388.203651	0.098503	0.056612	9344.733398
5388.204513	0.098507	0.056612	9429.646484
5389.246015	1.186527	0.039193	662.082153
5389.246942	1.567873	0.039193	2115.500977
5389.247866	1.546425	0.039193	3544.397217
5389.248745	1.506445	0.039193	4868.562500
5389.249791	1.461255	0.039193	6397.035156
5389.250685	1.423920	0.039193	7670.019531
5389.251568	0.945117	0.039193	8504.557617
5389.252536	0.119586	0.039193	8620.317383
5389.253480	0.098441	0.039193	8713.246094
5389.254393	0.098551	0.039193	8803.223633
5389.255260	0.098584	0.039193	8888.696289
5389.256288	0.098547	0.039193	8990.002930
5389.257156	0.098566	0.039193	9075.557617
5389.258031	0.098503	0.039193	9161.748047
5389.258936	0.098481	0.039193	9250.874023
5389.259952	0.098467	0.039193	9350.916016
5389.260839	0.098507	0.039193	9438.291992
5390.249481	1.126154	0.056491	561.950623
5390.250366	1.564742	0.056491	1946.747803
5390.251261	1.550508	0.056491	3334.452148
5390.252354	1.503585	0.056491	4977.870605
5390.253316	1.461123	0.056491	6383.470703
5390.254183	1.424879	0.056491	7618.840820
5390.255224	0.759525	0.056491	8409.506836
5390.256248	0.101884	0.056491	8513.835937
5390.257129	0.098335	0.056491	8600.468750
5390.258066	0.098577	0.056491	8692.834961
5390.259122	0.098544	0.056491	8796.897461
5390.260055	0.098514	0.056491	8888.811523
5390.260916	0.098628	0.056491	8973.730469
5390.261974	0.098569	0.056491	9078.016602
5390.262992	0.098544	0.056491	9178.333984
5390.263862	0.098719	0.056491	9264.219727
5390.264821	0.098547	0.056491	9358.726562
5391.300049	1.083582	0.039282	481.110229
5391.300914	1.560853	0.039282	1831.248291
5391.301880	1.551870	0.039282	3330.354980
5391.302902	1.506647	0.039282	4870.147949
5391.303800	1.467015	0.039282	6187.527832
5391.304668	1.429603	0.039282	7428.423828
5391.305745	0.881960	0.039282	8378.294922
5391.306685	0.109244	0.039282	8480.984375
5391.307563	0.098459	0.039282	8567.431641
5391.308515	0.098463	0.039282	8661.168945
5391.309537	0.098346	0.039282	8761.678711
5391.310423	0.098525	0.039282	8848.972656
5391.311284	0.098547	0.039282	8933.822266
5391.312344	0.098610	0.039282	9038.348633
5391.313280	0.098525	0.039282	9130.568359
5391.314155	0.098529	0.039282	9216.781250
5391.315101	0.098569	0.039282	9310.028320
5392.309706	1.064568	0.056402	465.216187
5392.310565	1.559377	0.056402	1804.721436
5392.311578	1.549929	0.056402	3374.799805
5392.312635	1.504131	0.056402	4964.666016
5392.313530	1.464126	0.056402	6275.058594
5392.314449	1.425590	0.056402	7585.175293
5392.315522	0.741273	0.056402	8380.561523
5392.316468	0.102979	0.056402	8477.979492
5392.317332	0.098437	0.056402	8563.029297
5392.318369	0.098551	0.056402	8665.226562
5392.319385	0.098503	0.056402	8765.305664
5392.320273	0.098588	0.056402	8852.851562
5392.321222	0.098712	0.056402	8946.529297
5392.322274	0.098694	0.056402	9050.355469
5392.323215	0.098459	0.056402	9143.005859
5392.324078	0.098397	0.056402	9227.922852
5392.325127	0.098591	0.056402	9331.344727
5393.353663	1.067062	0.042339	455.635376
5393.354666	1.560930	0.042339	2021.248291
5393.355724	1.543920	0.042339	3654.715332
5393.356615	1.503116	0.042339	4993.992187
5393.357483	1.463016	0.042339	6263.890625
5393.358577	1.419031	0.042339	7816.310547
5393.359566	0.637306	0.042339	8446.606445
5393.360436	0.102554	0.042339	8535.828125
5393.361500	0.098555	0.042339	8640.690430
5393.362544	0.098467	0.042339	8743.490234
5393.363429	0.098529	0.042339	8830.688477
5393.364342	0.098555	0.042339	8920.668945
5393.365427	0.098628	0.042339	9027.680664
5393.366365	0.098544	0.042339	9120.114258
5393.367231	0.098511	0.042339	9205.424805
5393.368267	0.098650	0.042339	9307.625977
5393.369273	0.098522	0.042339	9406.739258
5394.370508	1.077876	0.056116	469.953918
5394.371372	1.559432	0.056116	1817.303467
5394.372433	1.549274	0.056116	3461.082764
5394.373314	1.509239	0.056116	4790.722656
5394.374190	1.470055	0.056116	6078.490723
5394.375116	1.431156	0.056116	7403.741211
5394.376109	1.003378	0.056116	8400.095703
5394.377043	0.121527	0.056116	8513.601562
5394.377922	0.098405	0.056116	8600.099609
5394.378934	0.098562	0.056116	8699.844727
5394.379849	0.098364	0.056116	8789.847656
5394.380766	0.098489	0.056116	8880.162109
5394.381624	0.098500	0.056116	8964.674805
5394.382659	0.098405	0.056116	9066.523437
5394.383539	0.098474	0.056116	9153.180664
5394.384407	0.098643	0.056116	9238.802734
5394.385390	0.098540	0.056116	9335.667969
5395.407294	1.080081	0.043507	459.034271
5395.408389	1.565768	0.043507	2173.550049
5395.409362	1.543041	0.043507	3674.928711
5395.410225	1.504340	0.043507	4973.173828
5395.411227	1.459827	0.043507	6435.919922
5395.412313	1.416196	0.043507	7973.909180
5395.413192	0.635618	0.043507	8532.617187
5395.414104	0.102920	0.043507	8626.480469
5395.415171	0.098408	0.043507	8731.482422
5395.416124	0.098481	0.043507	8825.334961
5395.416995	0.098533	0.043507	8911.157227
5395.418017	0.098643	0.043507	9011.969727
5395.419045	0.098507	0.043507	9113.235352
5395.419934	0.098507	0.043507	9200.808594
5395.420860	0.098522	0.043507	9292.040039
5395.421921	0.098522	0.043507	9396.571289
5395.422865	0.098500	0.043507	9489.554687
5396.430271	1.067062	0.054380	454.568329
5396.431231	1.558982	0.054380	1951.190918
5396.432276	1.546121	0.054380	3566.886963
5396.433159	1.506387	0.054380	4897.026367
5396.434026	1.467257	0.054380	6169.138184
5396.435061	1.424216	0.054380	7643.202148
5396.436016	0.857175	0.054380	8461.804687
5396.436893	0.111544	0.054380	8559.628906
5396.437817	0.098617	0.054380	8650.750977
5396.438878	0.098467	0.054380	8755.224609
5396.439774	0.098610	0.054380	8843.579102
5396.440636	0.098643	0.054380	8928.609375
5396.441672	0.098562	0.054380	9030.719727
5396.442647	0.098665	0.054380	9126.917969
5396.443524	0.098547	0.054380	9213.343750
5396.444401	0.098606	0.054380	9299.821289
5396.445495	0.098514	0.054380	9407.595703
5397.461055	1.187564	0.043100	661.472900
5397.462100	1.568511	0.043100	2300.566650
5397.462984	1.543323	0.043100	3664.863770
5397.463878	1.501838	0.043100	5007.507324
5397.464989	1.454879	0.043100	6623.877930
5397.465931	1.415640	0.043100	7957.410645
5397.466807	0.656902	0.043100	8532.856445
5397.467838	0.100997	0.043100	8636.984375
5397.468866	0.098394	0.043100	8738.132812
5397.469757	0.098496	0.043100	8825.892578
5397.470701	0.098533	0.043100	8918.907227
5397.471759	0.098467	0.043100	9023.084961
5397.472688	0.098566	0.043100	9114.652344
5397.473553	0.098503	0.043100	9199.857422
5397.474628	0.098610	0.043100	9305.862305
5397.475625	0.098408	0.043100	9403.975586
5397.476512	0.098478	0.043100	9491.325195
5398.493624	1.077777	0.050952	454.821960
5398.494708	1.566185	0.050952	2152.566895
5398.495702	1.541865	0.050952	3685.180908
5398.496596	1.502443	0.050952	5028.364746
5398.497594	1.458713	0.050952	6484.160645
5398.498646	1.415508	0.050952	7973.274902
5398.499549	0.602036	0.050952	8516.913086
5398.500458	0.102334	0.050952	8609.934570
5398.501524	0.098617	0.050952	8715.060547
5398.502477	0.098448	0.050952	8808.881836
5398.503350	0.098606	0.050952	8894.964844
5398.504395	0.098694	0.050952	8998.099609
5398.505411	0.098507	0.050952	9098.182617
5398.506304	0.098639	0.050952	9186.267578
5398.507242	0.098595	0.050952	9278.750000
5398.508278	0.098434	0.050952	9380.727539
5398.509214	0.098489	0.050952	9472.913086
5399.514657	1.154345	0.043777	593.333130
5399.515627	1.567782	0.043777	2114.081543
5399.516490	1.548691	0.043777	3450.602051
5399.517580	1.499952	0.043777	5085.550293
5399.518629	1.454407	0.043777	6611.222656
5399.519520	1.417324	0.043777	7874.058594
5399.520469	0.666130	0.043777	8506.216797
5399.521514	0.099891	0.043777	8610.603516
5399.522454	0.098481	0.043777	8703.175781
5399.523319	0.098522	0.043777	8788.397461
5399.524356	0.098456	0.043777	8890.496094
5399.525375	0.098427	0.043777	8990.792969
5399.526268	0.098437	0.043777	9078.697266
5399.527221	0.098335	0.043777	9172.410156
5399.528285	0.098540	0.043777	9277.256836
5399.529220	0.098463	0.043777	9369.320312
5399.530086	0.098437	0.043777	9454.567383
5400.551933	1.129248	0.052104	547.685303
5400.552809	1.563417	0.052104	1917.238403
5400.553793	1.549523	0.052104	3441.968750
5400.554834	1.502922	0.052104	5006.510742
5400.555758	1.461782	0.052104	6357.197266
5400.556626	1.424989	0.052104	7594.087891
5400.557702	0.750938	0.052104	8402.096680
5400.558706	0.101635	0.052104	8504.137695
5400.559580	0.098350	0.052104	8590.095703
5400.560547	0.098569	0.052104	8685.412109
5400.561583	0.098577	0.052104	8787.537109
5400.562484	0.098379	0.052104	8876.176758
5400.563354	0.098452	0.052104	8961.830078
5400.564431	0.098474	0.052104	9067.886719
5400.565415	0.098350	0.052104	9164.663086
5400.566302	0.098445	0.052104	9251.983398
5400.567275	0.098522	0.052104	9347.844727
5401.568269	1.130654	0.042734	569.849731
5401.569155	1.565021	0.042734	1956.458008
5401.570024	1.550255	0.042734	3303.629883
5401.571137	1.502970	0.042734	4976.435547
5401.572110	1.460555	0.042734	6397.555664
5401.572983	1.424183	0.042734	7640.867676
5401.574018	0.741746	0.042734	8408.574219
5401.575059	0.101283	0.042734	8514.009766
5401.575946	0.098430	0.042734	8601.317383
5401.576868	0.098540	0.042734	8692.170898
5401.577926	0.098500	0.042734	8796.383789
5401.578882	0.098383	0.042734	8890.437500
5401.579743	0.098441	0.042734	8975.195312
5401.580778	0.098437	0.042734	9077.078125
5401.581797	0.098350	0.042734	9177.295898
5401.582682	0.098500	0.042734	9264.467773
5401.583614	0.098492	0.042734	9356.262695
5402.610707	1.148936	0.050827	587.106079
5402.611725	1.567830	0.050827	2183.156738
5402.612631	1.544919	0.050827	3582.853760
5402.613576	1.503468	0.050827	5003.630859
5402.614623	1.457021	0.050827	6529.132324
5402.615557	1.418093	0.050827	7853.631348
5402.616427	0.772859	0.050827	8526.018555
5402.617490	0.102308	0.050827	8634.772461
5402.618493	0.098427	0.050827	8733.494141
5402.619368	0.098478	0.050827	8819.662109
5402.620336	0.098507	0.050827	8915.016602
5402.621370	0.098610	0.050827	9016.978516
5402.622281	0.098533	0.050827	9106.742187
5402.623139	0.098503	0.050827	9191.257812
5402.624192	0.098547	0.050827	9295.028320
5402.625195	0.098573	0.050827	9393.897461
5402.626079	0.098562	0.050827	9481.026367
5403.624462	1.134115	0.039568	571.593933
5403.625391	1.566061	0.039568	2026.464355
5403.626323	1.548120	0.039568	3469.312500
5403.627200	1.509342	0.039568	4793.005371
5403.628141	1.468693	0.039568	6175.044922
5403.629092	1.428344	0.039568	7533.399414
5403.630028	1.000221	0.039568	8469.606445
5403.630884	0.129338	0.039568	8580.320312
5403.631801	0.098291	0.039568	8670.453125
5403.632750	0.098474	0.039568	8763.905273
5403.633638	0.098522	0.039568	8851.392578
5403.634599	0.098448	0.039568	8946.001953
5403.635543	0.098342	0.039568	9038.836914
5403.636468	0.098654	0.039568	9130.091797
5403.637350	0.098427	0.039568	9216.904297
5403.638289	0.098320	0.039568	9309.227539
5403.639224	0.098427	0.039568	9401.255859
5404.669968	1.105137	0.048780	563.619751
5404.671018	1.567031	0.048780	2209.002441
5404.671956	1.542667	0.048780	3656.024414
5404.672820	1.503278	0.048780	4954.856445
5404.673876	1.457248	0.048780	6493.710937
5404.674894	1.415442	0.048780	7934.630859
5404.675778	0.637932	0.048780	8498.562500
5404.676731	0.102953	0.048780	8596.676758
5404.677788	0.098496	0.048780	8700.787109
5404.678705	0.098606	0.048780	8791.208984
5404.679572	0.098566	0.048780	8876.665039
5404.680656	0.098540	0.048780	8983.482422
5404.681649	0.098437	0.048780	9081.230469
5404.682542	0.098350	0.048780	9169.056641
5404.683509	0.098547	0.048780	9264.351562
5404.684550	0.098522	0.048780	9366.913086
5404.685458	0.098390	0.048780	9456.250977
5405.679554	1.077177	0.038371	463.185913
5405.680426	1.559828	0.038371	1823.355835
5405.681392	1.552368	0.038371	3322.943359
5405.682290	1.512711	0.038371	4681.357910
5405.683203	1.471875	0.038371	6025.179687
5405.684086	1.434525	0.038371	7291.865234
5405.685059	1.150891	0.038371	8411.682617
5405.685989	0.147363	0.038371	8548.730469
5405.686864	0.098379	0.038371	8634.812500
5405.687974	0.098346	0.038371	8743.976562
5405.688860	0.098441	0.038371	8831.195312
5405.689776	0.098478	0.038371	8921.401367
5405.690639	0.098463	0.038371	9006.375000
5405.691599	0.098533	0.038371	9100.966797
5405.692523	0.098408	0.038371	9191.895508
5405.693410	0.098430	0.038371	9279.203125
5405.694379	0.098500	0.038371	9374.649414
5406.727698	1.136565	0.047713	580.784668
5406.728586	1.565262	0.047713	1970.737671
5406.729456	1.550134	0.047713	3319.354492
5406.730542	1.503560	0.047713	4952.220215
5406.731534	1.459574	0.047713	6400.117676
5406.732432	1.422719	0.047713	7677.718750
5406.733431	0.758383	0.047713	8435.342773
5406.734484	0.101602	0.047713	8542.329102
5406.735371	0.098379	0.047713	8629.590820
5406.736245	0.098485	0.047713	8715.666992
5406.737360	0.098569	0.047713	8825.572266
5406.738315	0.098361	0.047713	8919.506836
5406.739181	0.098405	0.047713	9004.725586
5406.740220	0.098595	0.047713	9107.166016
5406.741259	0.098474	0.047713	9209.480469
5406.742146	0.098500	0.047713	9296.849609
5406.743078	0.098584	0.047713	9388.729492
5407.736762	1.069882	0.036393	452.559906
5407.737823	1.566683	0.036393	2114.811035
5407.738722	1.547410	0.036393	3505.932373
5407.739605	1.508445	0.036393	4837.889160
5407.740564	1.466067	0.036393	6243.847168
5407.741550	1.424949	0.036393	7648.846680
5407.742472	0.918018	0.036393	8495.258789
5407.743332	0.118268	0.036393	8596.968750
5407.744381	0.098412	0.036393	8700.203125
5407.745281	0.098408	0.036393	8788.770508
5407.746155	0.098401	0.036393	8874.772461
5407.747050	0.098467	0.036393	8962.900391
5407.748084	0.098353	0.036393	9064.597656
5407.748973	0.098419	0.036393	9152.092773
5407.749849	0.098339	0.036393	9238.237305
5407.750840	0.098437	0.036393	9335.789062
5407.751757	0.098353	0.036393	9425.979492
5408.786502	1.179320	0.046198	666.315857
5408.787549	1.567969	0.046198	2307.979004
5408.788440	1.542202	0.046198	3682.081055
5408.789301	1.501758	0.046198	4975.094727
5408.790410	1.455256	0.046198	6588.974121
5408.791388	1.415171	0.046198	7973.011230
5408.792252	0.649827	0.046198	8534.460937
5408.793322	0.100166	0.046198	8641.638672
5408.794347	0.098463	0.046198	8742.563477
5408.795238	0.098459	0.046198	8830.291016
5408.796167	0.098588	0.046198	8921.878906
5408.797242	0.098511	0.046198	9027.778320
5408.798182	0.098427	0.046198	9120.298828
5408.799054	0.098430	0.046198	9206.129883
5408.800082	0.098580	0.046198	9307.470703
5408.801090	0.098383	0.046198	9406.640625
5408.801983	0.098474	0.046198	9494.578125
5409.791931	1.064744	0.036297	452.516052
5409.792795	1.558898	0.036297	1799.403809
5409.793862	1.548171	0.036297	3451.302734
5409.794800	1.506727	0.036297	4864.613281
5409.795687	1.467422	0.036297	6166.216309
5409.796646	1.427666	0.036297	7535.348145
5409.797684	0.845607	0.036297	8413.087891
5409.798577	0.109779	0.036297	8511.120117
5409.799437	0.098448	0.036297	8595.786133
5409.800503	0.098335	0.036297	8700.611328
5409.801445	0.098427	0.036297	8793.329102
5409.802320	0.098441	0.036297	8879.464844
5409.803278	0.098525	0.036297	8973.852539
5409.804309	0.098441	0.036297	9075.345703
5409.805196	0.098390	0.036297	9162.617187
5409.806054	0.098569	0.036297	9247.189453
5409.807077	0.098408	0.036297	9347.861328
5410.843167	1.156868	0.045102	593.473083
5410.844207	1.567767	0.045102	2223.950928
5410.845092	1.544850	0.045102	3591.143066
5410.846023	1.502985	0.045102	4990.421875
5410.847079	1.456531	0.045102	6528.518555
5410.848014	1.417775	0.045102	7854.137695
5410.848890	0.746338	0.045102	8507.929687
5410.849920	0.101997	0.045102	8612.986328
5410.850942	0.098412	0.045102	8713.563477
5410.851828	0.098430	0.045102	8800.772461
5410.852784	0.098580	0.045102	8895.015625
5410.853833	0.098544	0.045102	8998.387695
5410.854763	0.098500	0.045102	9089.992187
5410.855626	0.098441	0.045102	9174.947266
5410.856700	0.098401	0.045102	9280.629883
5410.857698	0.098353	0.045102	9378.786133
5410.858593	0.098481	0.045102	9466.926758
5411.848631	1.055647	0.035753	441.260406
5411.849522	1.557579	0.035753	1829.063599
5411.850635	1.546238	0.035753	3550.026367
5411.851534	1.505716	0.035753	4903.665527
5411.852404	1.466825	0.035753	6179.803223
5411.853431	1.424165	0.035753	7642.420898
5411.854427	0.808488	0.035753	8447.674805
5411.855306	0.108036	0.035753	8542.638672
5411.856170	0.098339	0.035753	8627.603516
5411.857278	0.098368	0.035753	8736.594727
5411.858160	0.098419	0.035753	8823.400391
5411.859018	0.098401	0.035753	8907.828125
5411.860076	0.098602	0.035753	9012.149414
5411.861033	0.098448	0.035753	9106.364258
5411.861932	0.098434	0.035753	9194.856445
5411.862808	0.098456	0.035753	9281.103516
5411.863881	0.098500	0.035753	9386.793945
5412.899870	1.149851	0.044672	584.124329
5412.900864	1.567943	0.044672	2142.659668
5412.901749	1.546641	0.044672	3511.436523
5412.902746	1.502362	0.044672	5009.291504
5412.903808	1.455732	0.044672	6555.279297
5412.904722	1.417907	0.044672	7851.246094
5412.905602	0.723977	0.044672	8488.345703
5412.906709	0.100422	0.044672	8599.513672
5412.907673	0.098386	0.044672	8694.358398
5412.908539	0.098390	0.044672	8779.564453
5412.909559	0.098489	0.044672	8880.023437
5412.910605	0.098405	0.044672	8982.955078
5412.911495	0.098383	0.044672	9070.515625
5412.912397	0.098562	0.044672	9159.418945
5412.913471	0.098467	0.044672	9265.171875
5412.914426	0.098456	0.044672	9359.197266
5412.915290	0.098463	0.044672	9444.269531
5413.905348	1.077700	0.036583	464.488800
5413.906213	1.559352	0.036583	1813.328125
5413.907269	1.548695	0.036583	3448.750000
5413.908162	1.509086	0.036583	4796.363281
5413.909041	1.469700	0.036583	6088.229492
5413.910010	1.429797	0.036583	7473.703125
5413.910980	0.999496	0.036583	8443.213867
5413.911902	0.123300	0.036583	8556.896484
5413.912769	0.098386	0.036583	8642.197266
5413.913810	0.098536	0.036583	8744.773437
5413.914689	0.098386	0.036583	8831.254883
5413.915553	0.098522	0.036583	8916.377930
5413.916458	0.098580	0.036583	9005.592773
5413.917486	0.098547	0.036583	9106.899414
5413.918379	0.098470	0.036583	9194.833984
5413.919251	0.098459	0.036583	9280.690430
5413.920245	0.098650	0.036583	9378.748047
5414.956564	1.147496	0.043020	578.338135
5414.957518	1.566823	0.043020	2073.086914
5414.958380	1.549424	0.043020	3408.690186
5414.959417	1.503146	0.043020	4967.452148
5414.960457	1.457816	0.043020	6483.581055
5414.961356	1.420426	0.043020	7760.543945
5414.962310	0.759701	0.043020	8485.298828
5414.963367	0.101364	0.043020	8592.440430
5414.964296	0.098544	0.043020	8683.987305
5414.965162	0.098562	0.043020	8769.341797
5414.966214	0.098705	0.043020	8873.179687
5414.967210	0.098434	0.043020	8971.219727
5414.968100	0.098481	0.043020	9058.868164
5414.969055	0.098694	0.043020	9153.121094
5414.970106	0.098580	0.043020	9256.728516
5414.971033	0.098441	0.043020	9347.983398
5414.971897	0.098529	0.043020	9433.112305
5415.963656	1.138964	0.035680	553.536316
5415.964539	1.563893	0.035680	1934.453613
5415.965404	1.552712	0.035680	3277.549805
5415.966474	1.506757	0.035680	4889.779297
5415.967415	1.464419	0.035680	6267.797363
5415.968293	1.427798	0.035680	7521.403809
5415.969231	0.957799	0.035680	8419.819336
5415.970296	0.110127	0.035680	8537.104492
5415.971176	0.098485	0.035680	8623.771484
5415.972041	0.098474	0.035680	8708.951172
5415.973060	0.098580	0.035680	8809.404297
5415.974028	0.098555	0.035680	8904.805664
5415.974905	0.098478	0.035680	8991.170898
5415.975790	0.098617	0.035680	9078.447266
5415.976884	0.098566	0.035680	9186.278320
5415.977776	0.098408	0.035680	9274.058594
5415.978637	0.098529	0.035680	9358.892578
5417.011637	1.065685	0.043250	448.653290
5417.012711	1.565713	0.043250	2130.229004
5417.013719	1.542008	0.043250	3684.573242
5417.014614	1.502069	0.043250	5028.924805
5417.015601	1.459091	0.043250	6469.047363
5417.016654	1.415563	0.043250	7959.634766
5417.017569	0.594437	0.043250	8503.544922
5417.018428	0.102319	0.043250	8591.437500
5417.019528	0.098584	0.043250	8699.879883
5417.020524	0.098459	0.043250	8797.945312
5417.021407	0.098514	0.043250	8884.933594
5417.022394	0.098555	0.043250	8982.207031
5417.023448	0.098481	0.043250	9086.006836
5417.024328	0.098470	0.043250	9172.661133
5417.025195	0.098639	0.043250	9258.180664
5417.026298	0.098595	0.043250	9366.930664
5417.027247	0.098485	0.043250	9460.392578
5418.021325	1.070054	0.036325	461.193146
5418.022192	1.559440	0.036325	1813.227295
5418.023211	1.550533	0.036325	3393.220703
5418.024113	1.509866	0.036325	4755.119629
5418.025039	1.469095	0.036325	6115.501953
5418.025906	1.431603	0.036325	7356.701660
5418.026945	1.046396	0.036325	8443.907227
5418.027818	0.135981	0.036325	8562.619141
5418.028689	0.098350	0.036325	8648.281250
5418.029666	0.098507	0.036325	8744.522461
5418.030604	0.098522	0.036325	8836.935547
5418.031521	0.098536	0.036325	8927.292969
5418.032387	0.098525	0.036325	9012.616211
5418.033418	0.098577	0.036325	9114.249023
5418.034307	0.098478	0.036325	9201.795898
5418.035179	0.098485	0.036325	9287.674805
5418.036098	0.098522	0.036325	9378.215820
5419.066377	1.129047	0.043773	563.394287
5419.067285	1.565500	0.043773	1984.868774
5419.068147	1.550647	0.043773	3321.526367
5419.069236	1.504047	0.043773	4959.433105
5419.070226	1.459860	0.043773	6404.694336
5419.071113	1.423162	0.043773	7667.038574
5419.072124	0.753021	0.043773	8428.342773
5419.073160	0.101990	0.043773	8534.003906
5419.074052	0.098353	0.043773	8621.735352
5419.074910	0.098408	0.043773	8706.169922
5419.076001	0.098577	0.043773	8813.716797
5419.076967	0.098408	0.043773	8908.779297
5419.077836	0.098536	0.043773	8994.407227
5419.078831	0.098518	0.043773	9092.432617
5419.079872	0.098492	0.043773	9194.962891
5419.080773	0.098456	0.043773	9283.671875
5419.081636	0.098394	0.043773	9368.585937
5420.079034	1.078931	0.036043	455.308716
5420.080084	1.567236	0.036043	2100.906738
5420.080983	1.547549	0.036043	3492.153076
5420.081863	1.508943	0.036043	4820.022949
5420.082872	1.464950	0.036043	6298.157227
5420.083801	1.425143	0.036043	7622.115234
5420.084726	0.936951	0.036043	8488.794922
5420.085583	0.120996	0.036043	8592.488281
5420.086629	0.098405	0.036043	8695.419922
5420.087510	0.098313	0.036043	8782.033203
5420.088386	0.098544	0.036043	8868.357422
5420.089337	0.098540	0.036043	8962.069336
5420.090298	0.098485	0.036043	9056.713867
5420.091206	0.098459	0.036043	9146.115234
5420.092088	0.098522	0.036043	9233.011719
5420.093139	0.098485	0.036043	9336.519531
5420.094033	0.098368	0.036043	9424.460937
5421.119971	1.110553	0.042976	511.964935
5421.120853	1.562234	0.042976	1889.855225
5421.121855	1.548937	0.042976	3441.889893
5421.122913	1.502358	0.042976	5031.384766
5421.123817	1.461943	0.042976	6352.981445
5421.124679	1.424593	0.042976	7580.980957
5421.125781	0.725442	0.042976	8380.417969
5421.126761	0.101642	0.042976	8480.027344
5421.127640	0.098489	0.042976	8566.598633
5421.128634	0.098544	0.042976	8664.550781
5421.129699	0.098397	0.042976	8769.343750
5421.130581	0.098492	0.042976	8856.213867
5421.131445	0.098544	0.042976	8941.355469
5421.132540	0.098518	0.042976	9049.232422
5421.133504	0.098613	0.042976	9144.295898
5421.134372	0.098522	0.042976	9229.812500
5421.135379	0.098492	0.042976	9328.994141
5422.138805	1.075529	0.035241	450.646454
5422.139861	1.567280	0.035241	2105.694336
5422.140756	1.547791	0.035241	3490.966797
5422.141637	1.508833	0.035241	4820.248535
5422.142632	1.465507	0.035241	6278.427734
5422.143577	1.425081	0.035241	7625.128906
5422.144503	0.932369	0.035241	8488.502930
5422.145362	0.120498	0.035241	8592.010742
5422.146409	0.098445	0.035241	8695.082031
5422.147288	0.098434	0.035241	8781.605469
5422.148158	0.098533	0.035241	8867.329102
5422.149089	0.098536	0.035241	8959.066406
5422.150067	0.098522	0.035241	9055.420898
5422.150973	0.098441	0.035241	9144.608398
5422.151849	0.098485	0.035241	9230.880859
5422.152878	0.098599	0.035241	9332.338867
5422.153769	0.098580	0.035241	9420.173828
5423.174074	1.060807	0.042093	448.721313
5423.175054	1.560586	0.042093	1978.095581
5423.176124	1.543685	0.042093	3629.838867
5423.177027	1.502911	0.042093	4986.967773
5423.177903	1.462266	0.042093	6267.912598
5423.179014	1.418082	0.042093	7843.401855
5423.179980	0.639899	0.042093	8461.543945
5423.180849	0.102499	0.042093	8550.615234
5423.181865	0.098650	0.042093	8650.843750
5423.182905	0.098496	0.042093	8753.279297
5423.183790	0.098514	0.042093	8840.464844
5423.184689	0.098621	0.042093	8929.125000
5423.185762	0.098646	0.042093	9034.972656
5423.186720	0.098522	0.042093	9129.356445
5423.187587	0.098584	0.042093	9214.829102
5423.188617	0.098632	0.042093	9316.419922
5423.189636	0.098529	0.042093	9416.821289
5424.197564	1.067959	0.034846	453.882568
5424.198526	1.559520	0.034846	1954.140991
5424.199558	1.545787	0.034846	3549.393555
5424.200460	1.505665	0.034846	4907.503418
5424.201325	1.466305	0.034846	6175.857422
5424.202407	1.422411	0.034846	7714.906250
5424.203341	0.811326	0.034846	8472.684570
5424.204212	0.109530	0.034846	8568.084961
5424.205169	0.098595	0.034846	8662.440430
5424.206204	0.098558	0.034846	8764.448242
5424.207078	0.098492	0.034846	8850.530273
5424.207945	0.098555	0.034846	8935.977539
5424.208970	0.098518	0.034846	9036.958984
5424.209927	0.098372	0.034846	9131.100586
5424.210801	0.098467	0.034846	9217.160156
5424.211727	0.098500	0.034846	9308.371094
5424.212786	0.098500	0.034846	9412.682617
5425.227197	1.062898	0.042319	450.668762
5425.228208	1.561381	0.042319	2029.224609
5425.229262	1.543462	0.042319	3656.033447
5425.230155	1.502728	0.042319	4997.969727
5425.231019	1.462782	0.042319	6261.813477
5425.232131	1.418694	0.042319	7839.400879
5425.233097	0.655587	0.042319	8472.698242
5425.233956	0.103206	0.042319	8561.351562
5425.234997	0.098573	0.042319	8663.965820
5425.236042	0.098558	0.042319	8766.958984
5425.236912	0.098573	0.042319	8852.717773
5425.237841	0.098445	0.042319	8944.172852
5425.238920	0.098544	0.042319	9050.501953
5425.239865	0.098481	0.042319	9143.567383
5425.240733	0.098481	0.042319	9229.048828
5425.241765	0.098665	0.042319	9330.871094
5425.242780	0.098566	0.042319	9430.915039
5426.256324	1.066575	0.033924	462.893402
5426.257189	1.559561	0.033924	1811.913330
5426.258222	1.549310	0.033924	3412.350830
5426.259261	1.503849	0.033924	4974.849609
5426.260146	1.464060	0.033924	6270.542969
5426.261080	1.425330	0.033924	7601.800781
5426.262155	0.747411	0.033924	8405.267578
5426.263091	0.103542	0.033924	8502.183594
5426.263951	0.098416	0.033924	8586.821289
5426.264994	0.098599	0.033924	8689.660156
5426.266020	0.098485	0.033924	8790.706055
5426.266896	0.098529	0.033924	8877.017578
5426.267843	0.098577	0.033924	8970.370117
5426.268895	0.098558	0.033924	9074.053711
5426.269821	0.098588	0.033924	9165.345703
5426.270687	0.098562	0.033924	9250.700195
5426.271728	0.098573	0.033924	9353.314453
5427.281461	1.188878	0.041328	641.994202
5427.282496	1.567947	0.041328	2264.819092
5427.283388	1.543253	0.041328	3641.400879
5427.284319	1.501505	0.041328	5039.302246
5427.285397	1.454366	0.041328	6607.109375
5427.286341	1.415548	0.041328	7943.386719
5427.287212	0.672107	0.041328	8528.791992
5427.288259	0.100690	0.041328	8634.213867
5427.289281	0.098394	0.041328	8734.772461
5427.290175	0.098456	0.041328	8822.791992
5427.291126	0.098562	0.041328	8916.524414
5427.292172	0.098445	0.041328	9019.498047
5427.293107	0.098529	0.041328	9111.623047
5427.293968	0.098430	0.041328	9196.371094
5427.295017	0.098617	0.041328	9299.820312
5427.296011	0.098383	0.041328	9397.612305
5427.296899	0.098467	0.041328	9485.050781
5428.317109	1.061254	0.031499	445.726532
5428.318164	1.565497	0.031499	2097.325684
5428.319175	1.542733	0.031499	3657.028809
5428.320068	1.502875	0.031499	4999.095703
5428.321028	1.461130	0.031499	6401.780762
5428.322096	1.416405	0.031499	7914.500977
5428.323030	0.610796	0.031499	8484.984375
5428.323892	0.102539	0.031499	8573.373047
5428.324972	0.098525	0.031499	8679.780273
5428.325970	0.098430	0.031499	8778.013672
5428.326850	0.098427	0.031499	8864.628906
5428.327839	0.098665	0.031499	8962.208008
5428.328896	0.098474	0.031499	9066.294922
5428.329790	0.098489	0.031499	9154.343750
5428.330647	0.098463	0.031499	9238.726562
5428.331743	0.098635	0.031499	9346.831055
5428.332697	0.098456	0.031499	9440.757812
5429.334964	1.059763	0.042178	444.040771
5429.335938	1.564651	0.042178	1968.010742
5429.336871	1.549354	0.042178	3413.558105
5429.337751	1.510862	0.042178	4743.116211
5429.338771	1.466576	0.042178	6239.023437
5429.339679	1.426967	0.042178	7534.708984
5429.340616	0.996808	0.042178	8468.717773
5429.341476	0.128987	0.042178	8579.646484
5429.342504	0.098390	0.042178	8680.791016
5429.343374	0.098492	0.042178	8766.479492
5429.344254	0.098467	0.042178	8853.129883
5429.345229	0.098657	0.042178	8949.320312
5429.346166	0.098427	0.042178	9041.545898
5429.347085	0.098536	0.042178	9132.100586
5429.347949	0.098437	0.042178	9217.150391
5429.348977	0.098405	0.042178	9318.310547
5429.349869	0.098386	0.042178	9406.071289
5430.376388	1.065908	0.030415	459.406433
5430.377312	1.559018	0.030415	1899.939453
5430.378391	1.545117	0.030415	3567.121094
5430.379330	1.503362	0.030415	4978.777832
5430.380192	1.464456	0.030415	6241.138672
5430.381219	1.421594	0.030415	7701.115723
5430.382254	0.672781	0.030415	8397.443359
5430.383142	0.103077	0.030415	8488.976562
5430.384093	0.098558	0.030415	8582.705078
5430.385144	0.098430	0.030415	8686.155273
5430.386082	0.098540	0.030415	8778.585937
5430.386950	0.098437	0.030415	8864.029297
5430.388015	0.098445	0.030415	8968.873047
5430.389029	0.098478	0.030415	9068.729492
5430.389927	0.098478	0.030415	9157.162109
5430.390885	0.098544	0.030415	9251.567383
5430.391931	0.098606	0.030415	9354.708984
5431.387071	1.061352	0.043278	448.952118
5431.387945	1.557839	0.043278	1810.503784
5431.388995	1.547944	0.043278	3435.845215
5431.389890	1.508485	0.043278	4785.939453
5431.390769	1.469546	0.043278	6077.670410
5431.391763	1.428497	0.043278	7497.596680
5431.392712	0.985056	0.043278	8432.415039
5431.393638	0.119751	0.043278	8543.304687
5431.394501	0.098357	0.043278	8628.186523
5431.395529	0.098339	0.043278	8729.278320
5431.396425	0.098514	0.043278	8817.546875
5431.397299	0.098595	0.043278	8903.718750
5431.398274	0.098496	0.043278	8999.751953
5431.399231	0.098514	0.043278	9094.030273
5431.400150	0.098481	0.043278	9184.535156
5431.401011	0.098412	0.043278	9269.267578
5431.402024	0.098577	0.043278	9369.125977
5432.435232	1.145145	0.030383	593.185242
5432.436115	1.565497	0.030383	1975.518799
5432.436991	1.549570	0.030383	3332.942383
5432.438111	1.502373	0.030383	5015.600098
5432.439068	1.460259	0.030383	6413.067871
5432.439936	1.423594	0.030383	7648.747070
5432.440964	0.732521	0.030383	8401.778320
5432.442005	0.101001	0.030383	8506.919922
5432.442896	0.098540	0.030383	8594.718750
5432.443833	0.098661	0.030383	8687.164062
5432.444897	0.098558	0.030383	8792.030273
5432.445832	0.098536	0.030383	8884.162109
5432.446699	0.098569	0.030383	8969.622070
5432.447743	0.098676	0.030383	9072.639648
5432.448759	0.098452	0.030383	9172.666992
5432.449658	0.098617	0.030383	9261.323242
5432.450607	0.098646	0.030383	9354.938477
5433.441312	1.164767	0.045582	609.173096
5433.442283	1.567650	0.045582	2131.361328
5433.443163	1.547380	0.045582	3493.056152
5433.444053	1.506855	0.045582	4834.157715
5433.445159	1.460109	0.045582	6449.038086
5433.446046	1.422590	0.045582	7710.875977
5433.446915	0.918977	0.045582	8509.466797
5433.447950	0.109406	0.045582	8622.701172
5433.448915	0.098459	0.045582	8717.714844
5433.449781	0.098463	0.045582	8802.984375
5433.450640	0.098386	0.045582	8887.498047
5433.451748	0.098544	0.045582	8996.684570
5433.452648	0.098386	0.045582	9085.232422
5433.453522	0.098503	0.045582	9171.324219
5433.454514	0.098679	0.045582	9269.213867
5433.455506	0.098551	0.045582	9366.976562
5433.456398	0.098646	0.045582	9454.968750
5434.494993	1.140099	0.030778	581.450439
5434.495882	1.565112	0.030778	1972.835327
5434.496745	1.550109	0.030778	3310.579102
5434.497851	1.503585	0.030778	4973.543945
5434.498813	1.461156	0.030778	6379.175781
5434.499674	1.424766	0.030778	7605.898926
5434.500735	0.737622	0.030778	8388.515625
5434.501774	0.101268	0.030778	8493.733398
5434.502668	0.098547	0.030778	8581.834961
5434.503596	0.098639	0.030778	8673.372070
5434.504652	0.098734	0.030778	8777.635742
5434.505595	0.098518	0.030778	8870.538086
5434.506465	0.098456	0.030778	8956.194336
5434.507501	0.098511	0.030778	9058.251953
5434.508507	0.098514	0.030778	9157.357422
5434.509403	0.098405	0.030778	9245.528320
5434.510345	0.098562	0.030778	9338.374023
5435.494939	1.147430	0.046782	584.042114
5435.495817	1.564479	0.046782	1957.654419
5435.496679	1.552130	0.046782	3295.590576
5435.497730	1.506295	0.046782	4878.707031
5435.498694	1.463569	0.046782	6289.587891
5435.499569	1.426882	0.046782	7538.109863
5435.500437	0.987993	0.046782	8395.687500
5435.501546	0.111313	0.046782	8519.133789
5435.502421	0.098408	0.046782	8605.241211
5435.503298	0.098551	0.046782	8691.670898
5435.504286	0.098595	0.046782	8789.083008
5435.505285	0.098474	0.046782	8887.458984
5435.506186	0.098573	0.046782	8976.273437
5435.507047	0.098427	0.046782	9061.018555
5435.508152	0.098588	0.046782	9169.958008
5435.509055	0.098291	0.046782	9258.714844
5435.509930	0.098434	0.046782	9344.844727
5436.552640	1.069039	0.031680	456.479797
5436.553627	1.559945	0.031680	1996.145508
5436.554684	1.543792	0.031680	3627.933105
5436.555591	1.502966	0.031680	4991.123535
5436.556455	1.463394	0.031680	6255.495605
5436.557528	1.419869	0.031680	7779.015625
5436.558530	0.645132	0.031680	8425.437500
5436.559416	0.102488	0.031680	8516.241211
5436.560409	0.098522	0.031680	8614.073242
5436.561459	0.098452	0.031680	8717.448242
5436.562352	0.098595	0.031680	8805.493164
5436.563215	0.098536	0.031680	8890.530273
5436.564309	0.098635	0.031680	8998.437500
5436.565277	0.098419	0.031680	9093.707031
5436.566147	0.098639	0.031680	9179.522461
5436.567191	0.098628	0.031680	9282.490234
5436.568233	0.098485	0.031680	9385.111328
5437.550098	1.122433	0.046210	574.685608
5437.551147	1.566753	0.046210	2218.209473
5437.552077	1.542330	0.046210	3652.576660
5437.552942	1.502622	0.046210	4952.344727
5437.554023	1.455963	0.046210	6526.240723
5437.555024	1.414453	0.046210	7942.108398
5437.555926	0.611536	0.046210	8493.713867
5437.556910	0.101763	0.046210	8593.848633
5437.557971	0.098544	0.046210	8698.403320
5437.558869	0.098441	0.046210	8786.803711
5437.559733	0.098416	0.046210	8871.834961
5437.560825	0.098591	0.046210	8979.497070
5437.561787	0.098405	0.046210	9074.162109
5437.562666	0.098599	0.046210	9160.830078
5437.563676	0.098646	0.046210	9260.462891
5437.564704	0.098617	0.046210	9361.840820
5437.565581	0.098595	0.046210	9448.308594
5438.609338	1.062931	0.032224	450.682709
5438.610380	1.564091	0.032224	2080.465088
5438.611415	1.542524	0.032224	3676.978027
5438.612298	1.502710	0.032224	5003.871094
5438.613250	1.461156	0.032224	6394.891602
5438.614310	1.416984	0.032224	7896.894043
5438.615240	0.634658	0.032224	8487.125977
5438.616103	0.102836	0.032224	8575.873047
5438.617160	0.098511	0.032224	8679.999023
5438.618176	0.098522	0.032224	8780.096680
5438.619063	0.098470	0.032224	8867.440430
5438.620033	0.098511	0.032224	8962.996094
5438.621073	0.098591	0.032224	9065.531250
5438.621997	0.098496	0.032224	9156.541992
5438.622859	0.098456	0.032224	9241.411133
5438.623930	0.098595	0.032224	9347.005859
5438.624907	0.098408	0.032224	9443.150391
5439.606861	1.190435	0.044990	676.166809
5439.607918	1.567643	0.044990	2333.165283
5439.608790	1.541737	0.044990	3677.560059
5439.609684	1.500476	0.044990	5018.985352
5439.610786	1.453802	0.044990	6621.075684
5439.611736	1.414581	0.044990	7964.927734
5439.612612	0.642327	0.044990	8527.605469
5439.613628	0.100701	0.044990	8629.916992
5439.614650	0.098547	0.044990	8730.632812
5439.615542	0.098558	0.044990	8818.546875
5439.616498	0.098577	0.044990	8912.786133
5439.617549	0.098683	0.044990	9016.501953
5439.618488	0.098628	0.044990	9109.113281
5439.619353	0.098445	0.044990	9194.267578
5439.620402	0.098588	0.044990	9297.685547
5439.621400	0.098489	0.044990	9395.977539
5439.622297	0.098525	0.044990	9484.354492
5440.664092	1.151649	0.033851	588.492737
5440.665020	1.566445	0.033851	2042.153809
5440.665881	1.549479	0.033851	3376.254883
5440.666950	1.503278	0.033851	4983.258789
5440.667964	1.458552	0.033851	6462.230469
5440.668838	1.421594	0.033851	7704.703613
5440.669820	0.754790	0.033851	8445.907227
5440.670878	0.101356	0.033851	8553.142578
5440.671790	0.098353	0.033851	8642.840820
5440.672655	0.098408	0.033851	8727.963867
5440.673726	0.098478	0.033851	8833.433594
5440.674728	0.098386	0.033851	8932.016602
5440.675615	0.098459	0.033851	9019.350586
5440.676591	0.098507	0.033851	9115.493164
5440.677639	0.098375	0.033851	9218.590820
5440.678542	0.098507	0.033851	9307.542969
5440.679406	0.098459	0.033851	9392.612305
5441.664033	1.159644	0.042391	594.897156
5441.664960	1.566266	0.042391	2046.825684
5441.665825	1.548801	0.042391	3386.538574
5441.666892	1.502721	0.042391	4989.941895
5441.667897	1.458340	0.042391	6455.573242
5441.668777	1.421763	0.042391	7706.724609
5441.669775	0.745792	0.042391	8451.025391
5441.670817	0.101858	0.042391	8557.161133
5441.671733	0.098379	0.042391	8647.276367
5441.672591	0.098522	0.042391	8731.807617
5441.673672	0.098632	0.042391	8838.428711
5441.674656	0.098536	0.042391	8935.388672
5441.675527	0.098606	0.042391	9021.274414
5441.676503	0.098569	0.042391	9117.478516
5441.677547	0.098507	0.042391	9220.320312
5441.678455	0.098459	0.042391	9309.721680
5441.679317	0.098500	0.042391	9394.628906
5442.718660	1.072449	0.032309	462.225403
5442.719659	1.559897	0.032309	2020.562988
5442.720703	1.543400	0.032309	3631.872314
5442.721621	1.502164	0.032309	5010.859375
5442.722487	1.462632	0.032309	6277.498535
5442.723575	1.418983	0.032309	7821.352539
5442.724580	0.607566	0.032309	8431.956055
5442.725454	0.101741	0.032309	8520.876953
5442.726451	0.098562	0.032309	8619.143555
5442.727505	0.098522	0.032309	8722.985352
5442.728394	0.098459	0.032309	8810.515625
5442.729267	0.098408	0.032309	8896.425781
5442.730355	0.098518	0.032309	9003.613281
5442.731318	0.098445	0.032309	9098.416016
5442.732185	0.098445	0.032309	9183.767578
5442.733223	0.098551	0.032309	9286.063477
5442.734271	0.098496	0.032309	9389.287109
5443.723786	1.131980	0.041030	565.989990
5443.724722	1.566255	0.041030	2032.004517
5443.725590	1.549493	0.041030	3376.964844
5443.726664	1.502560	0.041030	4990.713867
5443.727674	1.458091	0.041030	6463.385742
5443.728565	1.421268	0.041030	7729.735840
5443.729543	0.745814	0.041030	8459.142578
5443.730589	0.101638	0.041030	8565.456055
5443.731500	0.098401	0.041030	8655.099609
5443.732356	0.098668	0.041030	8739.559570
5443.733434	0.098577	0.041030	8845.825195
5443.734428	0.098474	0.041030	8943.708008
5443.735306	0.098533	0.041030	9030.219727
5443.736300	0.098599	0.041030	9128.226562
5443.737346	0.098401	0.041030	9231.154297
5443.738232	0.098478	0.041030	9318.405273
5443.739094	0.098573	0.041030	9403.375000
5444.771767	1.059500	0.031301	446.049286
5444.772734	1.558715	0.031301	1953.326294
5444.773799	1.544132	0.031301	3597.827148
5444.774722	1.502772	0.031301	4984.885742
5444.775591	1.463419	0.031301	6256.597168
5444.776679	1.419130	0.031301	7800.610352
5444.777668	0.634926	0.031301	8428.551758
5444.778558	0.102191	0.031301	8519.501953
5444.779544	0.098427	0.031301	8616.550781
5444.780575	0.098339	0.031301	8717.937500
5444.781472	0.098551	0.031301	8806.337891
5444.782328	0.098566	0.031301	8890.709961
5444.783401	0.098544	0.031301	8996.447266
5444.784386	0.098478	0.031301	9093.448242
5444.785267	0.098474	0.031301	9180.204102
5444.786265	0.098547	0.031301	9278.554687
5444.787298	0.098481	0.031301	9380.286133
5445.783564	1.139696	0.040728	574.406860
5445.784494	1.565977	0.040728	2030.765137
5445.785363	1.549746	0.040728	3377.494629
5445.786433	1.502981	0.040728	4985.684082
5445.787449	1.458483	0.040728	6467.502441
5445.788342	1.421166	0.040728	7736.603516
5445.789311	0.755870	0.040728	8469.041992
5445.790349	0.101968	0.040728	8574.884766
5445.791271	0.098394	0.040728	8665.603516
5445.792133	0.098478	0.040728	8750.491211
5445.793211	0.098503	0.040728	8856.677734
5445.794212	0.098357	0.040728	8955.132812
5445.795087	0.098445	0.040728	9041.272461
5445.796087	0.098569	0.040728	9139.841797
5445.797119	0.098613	0.040728	9241.610352
5445.798021	0.098470	0.040728	9330.430664
5445.798879	0.098639	0.040728	9415.062500
5446.824387	1.071097	0.029424	461.642975
5446.825256	1.559374	0.029424	1816.738770
5446.826315	1.548018	0.029424	3456.089355
5446.827330	1.502963	0.029424	4981.596680
5446.828223	1.463317	0.029424	6288.338379
5446.829181	1.423890	0.029424	7652.425293
5446.830230	0.719242	0.029424	8406.910156
5446.831155	0.103019	0.029424	8502.202148
5446.832021	0.098492	0.029424	8587.497070
5446.833080	0.098544	0.029424	8691.854492
5446.834084	0.098412	0.029424	8790.660156
5446.834956	0.098500	0.029424	8876.551758
5446.835939	0.098522	0.029424	8973.398437
5446.836980	0.098489	0.029424	9075.924805
5446.837878	0.098456	0.029424	9164.337891
5446.838737	0.098577	0.029424	9249.015625
5446.839788	0.098591	0.029424	9352.634766
5447.844296	1.073741	0.039278	463.856293
5447.845163	1.559099	0.039278	1815.595215
5447.846209	1.547959	0.039278	3434.760254
5447.847226	1.503332	0.039278	4963.649414
5447.848122	1.463577	0.039278	6275.014160
5447.849094	1.423912	0.039278	7659.057129
5447.850151	0.702660	0.039278	8401.768555
5447.851073	0.102484	0.039278	8496.258789
5447.851935	0.098437	0.039278	8581.112305
5447.853012	0.098562	0.039278	8687.263672
5447.853995	0.098503	0.039278	8784.092773
5447.854877	0.098474	0.039278	8870.947266
5447.855875	0.098580	0.039278	8969.330078
5447.856905	0.098434	0.039278	9070.716797
5447.857806	0.098558	0.039278	9159.517578
5447.858664	0.098555	0.039278	9244.077148
5447.859746	0.098599	0.039278	9350.760742
5448.874938	1.059759	0.028075	449.338013
5448.875807	1.558422	0.028075	1803.606445
5448.876852	1.549266	0.028075	3422.589844
5448.877751	1.508654	0.028075	4778.869629
5448.878669	1.468059	0.028075	6126.547852
5448.879536	1.430204	0.028075	7366.534668
5448.880589	0.984466	0.028075	8403.177734
5448.881473	0.125391	0.028075	8514.023437
5448.882339	0.098437	0.028075	8599.270508
5448.883315	0.098467	0.028075	8695.374023
5448.884238	0.098405	0.028075	8786.201172
5448.885149	0.098434	0.028075	8875.874023
5448.886020	0.098518	0.028075	8961.683594
5448.887050	0.098467	0.028075	9063.104492
5448.887944	0.098423	0.028075	9151.094727
5448.888815	0.098514	0.028075	9236.900391
5448.889750	0.098518	0.028075	9329.014648
5449.905723	1.183140	0.037167	651.909973
5449.906777	1.567555	0.037167	2304.112793
5449.907679	1.541342	0.037167	3694.402832
5449.908553	1.500762	0.037167	5006.068359
5449.909648	1.454425	0.037167	6598.664062
5449.910610	1.414922	0.037167	7959.818848
5449.911480	0.661403	0.037167	8535.239258
5449.912522	0.100920	0.037167	8640.398437
5449.913562	0.098416	0.037167	8742.750977
5449.914442	0.098500	0.037167	8829.430664
5449.915354	0.098588	0.037167	8919.342773
5449.916424	0.098467	0.037167	9024.702148
5449.917370	0.098463	0.037167	9117.848633
5449.918229	0.098500	0.037167	9202.459961
5449.919261	0.098485	0.037167	9304.096680
5449.920294	0.098463	0.037167	9405.809570
5449.921169	0.098405	0.037167	9491.913086
5450.928062	1.062147	0.028091	454.598969
5450.929114	1.563783	0.028091	2099.698486
5450.930152	1.541796	0.028091	3700.082275
5450.931045	1.501490	0.028091	5040.913086
5450.931985	1.460043	0.028091	6413.353516
5450.933044	1.416255	0.028091	7913.167480
5450.933984	0.614612	0.028091	8490.902344
5450.934842	0.102261	0.028091	8578.641602
5450.935884	0.098412	0.028091	8681.186523
5450.936903	0.098430	0.028091	8781.487305
5450.937788	0.098478	0.028091	8868.640625
5450.938741	0.098580	0.028091	8962.587891
5450.939797	0.098507	0.028091	9066.611328
5450.940724	0.098492	0.028091	9157.914062
5450.941589	0.098500	0.028091	9243.116211
5450.942647	0.098544	0.028091	9347.375000
5450.943645	0.098467	0.028091	9445.644531
5451.963390	1.131006	0.036115	547.406860
5451.964275	1.563937	0.036115	1931.490967
5451.965223	1.549424	0.036115	3400.344727
5451.966277	1.502615	0.036115	4984.100586
5451.967221	1.461079	0.036115	6363.359375
5451.968090	1.424447	0.036115	7601.203613
5451.969150	0.746364	0.036115	8392.348633
5451.970153	0.101744	0.036115	8494.398437
5451.971039	0.098437	0.036115	8581.614258
5451.972007	0.098610	0.036115	8677.068359
5451.973044	0.098405	0.036115	8779.114258
5451.973963	0.098386	0.036115	8869.531250
5451.974821	0.098463	0.036115	8954.012695
5451.975873	0.098617	0.036115	9057.757812
5451.976873	0.098317	0.036115	9156.074219
5451.977760	0.098405	0.036115	9243.359375
5451.978730	0.098577	0.036115	9338.978516
5452.982852	1.151323	0.027579	649.346313
5452.983805	1.567181	0.027579	2142.870117
5452.984727	1.544780	0.027579	3567.157471
5452.985592	1.505420	0.027579	4869.345703
5452.986622	1.460453	0.027579	6373.612305
5452.987532	1.422488	0.027579	7668.076172
5452.988419	0.912389	0.027579	8477.365234
5452.989368	0.117070	0.027579	8588.464844
5452.990340	0.098405	0.027579	8684.114258
5452.991248	0.098555	0.027579	8773.601562
5452.992121	0.098635	0.027579	8859.709961
5452.993189	0.098610	0.027579	8965.025391
5452.994100	0.098423	0.027579	9054.688477
5452.994984	0.098514	0.027579	9141.775391
5452.995882	0.098544	0.027579	9230.267578
5452.996904	0.098529	0.027579	9330.963867
5452.997796	0.098481	0.027579	9418.809570
5454.022168	1.152301	0.035680	584.216614
5454.023194	1.567500	0.035680	2192.471680
5454.024091	1.544605	0.035680	3577.981934
5454.025043	1.502688	0.035680	5008.541016
5454.026105	1.455736	0.035680	6554.532715
5454.027047	1.416768	0.035680	7889.127930
5454.027917	0.716440	0.035680	8512.430664
5454.028983	0.101129	0.035680	8620.234375
5454.029985	0.098427	0.035680	8718.857422
5454.030867	0.098427	0.035680	8805.669922
5454.031852	0.098602	0.035680	8902.792969
5454.032892	0.098547	0.035680	9005.282227
5454.033800	0.098577	0.035680	9094.790039
5454.034664	0.098555	0.035680	9179.941406
5454.035744	0.098730	0.035680	9286.570312
5454.036732	0.098463	0.035680	9383.851562
5454.037609	0.098459	0.035680	9470.200195
5455.035915	1.136550	0.028599	570.548279
5455.036862	1.566383	0.028599	2053.913086
5455.037728	1.549340	0.028599	3395.641113
5455.038790	1.502838	0.028599	4991.655273
5455.039799	1.458420	0.028599	6463.201172
5455.040694	1.421243	0.028599	7735.213379
5455.041653	0.772039	0.028599	8475.598633
5455.042703	0.101917	0.028599	8582.611328
5455.043627	0.098430	0.028599	8673.560547
5455.044487	0.098452	0.028599	8758.229492
5455.045529	0.098540	0.028599	8860.908203
5455.046537	0.098617	0.028599	8960.314453
5455.047414	0.098372	0.028599	9046.585937
5455.048377	0.098610	0.028599	9141.546875
5455.049441	0.098602	0.028599	9246.459961
5455.050343	0.098500	0.028599	9335.306641
5455.051212	0.098533	0.028599	9420.931641
5456.080823	1.058720	0.034516	444.662201
5456.081820	1.562003	0.034516	2001.979370
5456.082882	1.543440	0.034516	3641.112793
5456.083775	1.502761	0.034516	4983.078613
5456.084647	1.462764	0.034516	6258.608398
5456.085743	1.418738	0.034516	7813.544922
5456.086711	0.668181	0.034516	8460.343750
5456.087573	0.103744	0.034516	8549.770508
5456.088605	0.098485	0.034516	8651.407227
5456.089621	0.098474	0.034516	8751.457031
5456.090500	0.098459	0.034516	8838.002930
5456.091425	0.098558	0.034516	8929.168945
5456.092493	0.098580	0.034516	9034.453125
5456.093435	0.098456	0.034516	9127.198242
5456.094294	0.098536	0.034516	9211.840820
5456.095320	0.098456	0.034516	9312.856445
5456.096347	0.098401	0.034516	9413.914062
5457.091515	1.066187	0.028611	453.129272
5457.092517	1.561157	0.028611	2017.408813
5457.093462	1.546915	0.028611	3479.243652
5457.094390	1.506321	0.028611	4877.109375
5457.095259	1.466550	0.028611	6151.541504
5457.096297	1.424414	0.028611	7630.083008
5457.097184	0.961974	0.028611	8483.353516
5457.098053	0.123314	0.028611	8590.513672
5457.099018	0.098357	0.028611	8685.427734
5457.099966	0.098474	0.028611	8778.781250
5457.100881	0.098500	0.028611	8868.908203
5457.101758	0.098577	0.028611	8955.360352
5457.102765	0.098394	0.028611	9054.442383
5457.103658	0.098331	0.028611	9142.251953
5457.104530	0.098445	0.028611	9228.095703
5457.105403	0.098536	0.028611	9314.118164
5457.106433	0.098251	0.028611	9415.316406
5458.138074	1.566108	0.034230	2280.253662
5458.140033	1.499198	0.034230	5217.182617
5458.141020	1.455897	0.034230	6654.153320
5458.141976	1.417405	0.034230	8009.192383
5458.142857	0.740211	0.034230	8661.318359
5458.143832	0.102869	0.034230	8761.615234
5458.144791	0.098459	0.034230	8856.038086
5458.145682	0.098599	0.034230	8943.889648
5458.146597	0.098584	0.034230	9034.093750
5458.147563	0.098478	0.034230	9129.223633
5458.148482	0.098525	0.034230	9219.768555
5458.149342	0.098540	0.034230	9304.512695
5458.150276	0.098357	0.034230	9396.377930
5458.151233	0.098419	0.034230	9490.565430
5458.152120	0.098459	0.034230	9577.899414
