time (s)	coil I (A)	last det (V)	int current (uC)
3930.447290	1.066296	0.016405	446.778229
3930.448359	1.569236	0.016405	2124.291504
3930.449311	1.548893	0.016405	3598.837402
3930.450189	1.509492	0.016405	4924.171387
3930.451099	1.467934	0.016405	6259.991699
3930.452188	1.424220	0.016405	7810.967285
3930.453072	1.387467	0.016405	9037.488281
3930.453944	1.353794	0.016405	10217.996094
3930.454971	1.316122	0.016405	11569.653320
3930.455938	1.282793	0.016405	12810.114258
3930.456817	1.026863	0.016405	13712.726562
3930.457716	0.148773	0.016405	13846.473633
3930.458807	0.098394	0.016405	13953.821289
3930.459700	0.098412	0.016405	14041.703125
3930.460561	0.098427	0.016405	14126.448242
3930.461586	0.098463	0.016405	14227.373047
3930.462555	0.098437	0.016405	14322.758789
3930.463434	0.098492	0.016405	14409.333984
3930.464297	0.098379	0.016405	14494.235352
3930.465412	0.098357	0.016405	14603.903320
3930.466308	0.098284	0.016405	14691.965820
3931.453371	1.065253	0.029271	451.667114
3931.454391	1.567540	0.029271	2050.558105
3931.455433	1.546813	0.029271	3662.336914
3931.456331	1.506346	0.029271	5015.036133
3931.457267	1.464877	0.029271	6386.160645
3931.458342	1.419976	0.029271	7912.634277
3931.459283	1.382274	0.029271	9213.354492
3931.460150	1.348791	0.029271	10382.756836
3931.461209	1.310841	0.029271	11770.937500
3931.462224	1.275443	0.029271	13065.511719
3931.463116	0.773796	0.029271	13755.738281
3931.464079	0.109446	0.029271	13861.134766
3931.465117	0.098459	0.029271	13963.335937
3931.466033	0.098456	0.029271	14053.521484
3931.466889	0.098580	0.029271	14137.906250
3931.467960	0.098617	0.029271	14243.525391
3931.468956	0.098500	0.029271	14341.630859
3931.469827	0.098375	0.029271	14427.315430
3931.470789	0.098536	0.029271	14522.107422
3931.471833	0.098463	0.029271	14624.903320
3931.472746	0.098507	0.029271	14714.839844
3932.497691	1.156179	0.016336	586.182861
3932.498711	1.571726	0.016336	2189.343506
3932.499609	1.548735	0.016336	3580.107910
3932.500563	1.506350	0.016336	5017.166016
3932.501623	1.459072	0.016336	6563.782715
3932.502554	1.420562	0.016336	7886.325684
3932.503426	1.384816	0.016336	9093.884766
3932.504502	1.344353	0.016336	10540.408203
3932.505516	1.307552	0.016336	11866.266602
3932.506415	1.276725	0.016336	13014.041992
3932.507396	0.709651	0.016336	13710.208984
3932.508456	0.101122	0.016336	13817.398437
3932.509368	0.098448	0.016336	13907.183594
3932.510228	0.098555	0.016336	13991.940430
3932.511329	0.098405	0.016336	14100.284180
3932.512308	0.098328	0.016336	14196.546875
3932.513204	0.098401	0.016336	14284.713867
3932.514195	0.098452	0.016336	14382.280273
3932.515251	0.098408	0.016336	14486.199219
3932.516130	0.098331	0.016336	14572.632812
3932.517002	0.098427	0.016336	14658.460937
3933.516215	1.062572	0.027793	448.405396
3933.517181	1.562662	0.027793	1957.937256
3933.518237	1.548105	0.027793	3592.736816
3933.519179	1.506273	0.027793	5011.645996
3933.520044	1.466609	0.027793	6280.262695
3933.521130	1.422202	0.027793	7824.774414
3933.522133	1.381860	0.027793	9210.780273
3933.523031	1.347902	0.027793	10421.196289
3933.524031	1.311804	0.027793	11733.000000
3933.525095	1.275136	0.027793	13089.744141
3933.525990	0.737314	0.027793	13749.640625
3933.526848	0.107900	0.027793	13842.218750
3933.527956	0.098452	0.027793	13951.303711
3933.528918	0.098412	0.027793	14045.975586
3933.529775	0.098533	0.027793	14130.417969
3933.530837	0.098562	0.027793	14235.090820
3933.531870	0.098467	0.027793	14336.806641
3933.532754	0.098463	0.027793	14423.847656
3933.533653	0.098419	0.027793	14512.326172
3933.534719	0.098558	0.027793	14617.389648
3933.535670	0.098390	0.027793	14710.958008
3934.545627	1.088500	0.015216	483.293854
3934.546508	1.564739	0.015216	1861.828613
3934.547369	1.558022	0.015216	3203.286133
3934.548409	1.513173	0.015216	4776.985840
3934.549316	1.472212	0.015216	6112.282227
3934.550197	1.435071	0.015216	7376.579590
3934.551122	1.396996	0.015216	8668.800781
3934.552136	1.358295	0.015216	10046.111328
3934.553058	1.324417	0.015216	11267.223633
3934.553935	1.293043	0.015216	12401.222656
3934.555011	1.126674	0.015216	13613.523437
3934.555931	0.176913	0.015216	13776.283203
3934.556810	0.098350	0.015216	13862.732422
3934.557667	0.098470	0.015216	13947.122070
3934.558726	0.098470	0.015216	14051.402344
3934.559611	0.098412	0.015216	14138.497070
3934.560477	0.098298	0.015216	14223.623047
3934.561445	0.098353	0.015216	14318.829102
3934.562367	0.098335	0.015216	14409.494141
3934.563285	0.098437	0.015216	14499.859375
3934.564158	0.098437	0.015216	14585.794922
3935.578594	1.114632	0.025231	503.813873
3935.579476	1.565845	0.025231	1884.888794
3935.580477	1.552518	0.025231	3438.959473
3935.581543	1.505768	0.025231	5044.107910
3935.582445	1.464855	0.025231	6365.406738
3935.583310	1.426739	0.025231	7599.536133
3935.584414	1.384570	0.025231	9128.101562
3935.585375	1.347664	0.025231	10423.206055
3935.586246	1.315756	0.025231	11569.229492
3935.587291	1.279281	0.025231	12906.078125
3935.588342	0.718898	0.025231	13661.639648
3935.589234	0.105330	0.025231	13755.593750
3935.590161	0.098397	0.025231	13846.807617
3935.591229	0.098459	0.025231	13951.961914
3935.592181	0.098423	0.025231	14045.660156
3935.593050	0.098401	0.025231	14131.170898
3935.594089	0.098533	0.025231	14233.546875
3935.595104	0.098536	0.025231	14333.561523
3935.596002	0.098481	0.025231	14421.998047
3935.596956	0.098591	0.025231	14516.053711
3935.598003	0.098533	0.025231	14619.217773
3936.593080	1.062741	0.017585	447.413788
3936.594066	1.563431	0.017585	1988.957153
3936.595077	1.548955	0.017585	3554.950684
3936.595977	1.508844	0.017585	4912.910156
3936.596845	1.468993	0.017585	6187.996094
3936.597924	1.424901	0.017585	7725.464355
3936.598860	1.386976	0.017585	9023.673828
3936.599742	1.353380	0.017585	10217.355469
3936.600711	1.318396	0.017585	11494.880859
3936.601732	1.282405	0.017585	12804.215820
3936.602631	0.999207	0.017585	13702.502930
3936.603499	0.142123	0.017585	13825.865234
3936.604579	0.098320	0.017585	13932.050781
3936.605498	0.098383	0.017585	14022.464844
3936.606371	0.098463	0.017585	14108.422852
3936.607351	0.098346	0.017585	14204.801758
3936.608371	0.098298	0.017585	14305.066406
3936.609257	0.098386	0.017585	14392.236328
3936.610116	0.098342	0.017585	14476.711914
3936.611153	0.098434	0.017585	14578.788086
3936.612088	0.098309	0.017585	14670.707031
3937.638382	1.131914	0.024635	530.867737
3937.639259	1.566496	0.024635	1904.685059
3937.640260	1.552244	0.024635	3458.480957
3937.641311	1.505830	0.024635	5041.108398
3937.642216	1.464965	0.024635	6366.901367
3937.643079	1.426992	0.024635	7598.395508
3937.644196	1.384189	0.024635	9144.535156
3937.645171	1.347111	0.024635	10457.967773
3937.646031	1.315225	0.024635	11589.060547
3937.647118	1.277395	0.024635	12977.588867
3937.648171	0.663662	0.024635	13676.424805
3937.649051	0.103279	0.024635	13767.310547
3937.649989	0.098481	0.024635	13859.686523
3937.651056	0.098394	0.024635	13964.672852
3937.651999	0.098375	0.024635	14057.440430
3937.652866	0.098419	0.024635	14142.769531
3937.653909	0.098364	0.024635	14245.363281
3937.654920	0.098386	0.024635	14344.832031
3937.655813	0.098350	0.024635	14432.658203
3937.656778	0.098577	0.024635	14527.785156
3937.657828	0.098416	0.024635	14631.121094
3938.645444	1.082032	0.019370	467.438019
3938.646315	1.563116	0.019370	1828.912354
3938.647425	1.549054	0.019370	3548.362305
3938.648411	1.505632	0.019370	5032.916016
3938.649286	1.466301	0.019370	6315.929687
3938.650369	1.421158	0.019370	7855.044434
3938.651402	1.380040	0.019370	9280.625977
3938.652302	1.345558	0.019370	10491.627930
3938.653244	1.311779	0.019370	11727.323242
3938.654304	1.274678	0.019370	13078.481445
3938.655251	0.682181	0.019370	13724.506836
3938.656112	0.105172	0.019370	13815.059570
3938.657177	0.098511	0.019370	13919.973633
3938.658187	0.098441	0.019370	14019.399414
3938.659069	0.098448	0.019370	14106.231445
3938.660050	0.098503	0.019370	14202.863281
3938.661091	0.098441	0.019370	14305.340820
3938.662001	0.098448	0.019370	14394.928711
3938.662857	0.098372	0.019370	14479.134766
3938.663925	0.098434	0.019370	14584.261719
3938.664925	0.098379	0.019370	14682.640625
3939.696319	1.071716	0.025593	456.551147
3939.697184	1.562263	0.025593	1807.908813
3939.698235	1.552050	0.025593	3439.112793
3939.699128	1.512382	0.025593	4789.669434
3939.700010	1.472908	0.025593	6088.773926
3939.701023	1.431138	0.025593	7538.516602
3939.701945	1.392598	0.025593	8822.491211
3939.702873	1.357361	0.025593	10082.122070
3939.703737	1.323882	0.025593	11225.956055
3939.704785	1.288414	0.025593	12576.214844
3939.705664	1.173146	0.025593	13607.410156
3939.706544	0.220975	0.025593	13801.868164
3939.707526	0.098408	0.025593	13898.504883
3939.708471	0.098452	0.025593	13991.541992
3939.709392	0.098511	0.025593	14082.270508
3939.710261	0.098423	0.025593	14167.799805
3939.711299	0.098478	0.025593	14270.019531
3939.712183	0.098437	0.025593	14357.038086
3939.713062	0.098430	0.025593	14443.558594
3939.714009	0.098452	0.025593	14536.792969
3939.714999	0.098437	0.025593	14634.246094
3940.699640	1.102082	0.020852	534.510010
3940.700703	1.570104	0.020852	2203.530273
3940.701657	1.545557	0.020852	3677.991211
3940.702524	1.506277	0.020852	4983.933105
3940.703578	1.460222	0.020852	6523.007324
3940.704602	1.417599	0.020852	7974.628418
3940.705485	1.381996	0.020852	9194.930664
3940.706425	1.346243	0.020852	10460.398437
3940.707505	1.307490	0.020852	11872.488281
3940.708428	1.275077	0.020852	13049.384766
3940.709302	0.784534	0.020852	13735.067383
3940.710349	0.103583	0.020852	13843.518555
3940.711352	0.098342	0.020852	13942.156250
3940.712239	0.098397	0.020852	14029.434570
3940.713205	0.098445	0.020852	14124.532227
3940.714260	0.098434	0.020852	14228.379883
3940.715181	0.098357	0.020852	14318.966797
3940.716042	0.098427	0.020852	14403.711914
3940.717132	0.098485	0.020852	14511.060547
3940.718116	0.098298	0.020852	14607.786133
3940.719003	0.098368	0.020852	14695.038086
3941.751758	1.088434	0.026834	477.822479
3941.752622	1.563076	0.026834	1828.320435
3941.753709	1.549812	0.026834	3512.966064
3941.754707	1.504929	0.026834	5014.885254
3941.755593	1.465928	0.026834	6313.697266
3941.756592	1.424777	0.026834	7737.049316
3941.757650	1.382622	0.026834	9199.863281
3941.758526	1.348206	0.026834	10380.891602
3941.759400	1.314650	0.026834	11529.895508
3941.760519	1.277351	0.026834	12959.250977
3941.761495	0.759844	0.026834	13700.858398
3941.762360	0.108618	0.026834	13794.813477
3941.763384	0.098390	0.026834	13895.564453
3941.764412	0.098372	0.026834	13996.690430
3941.765302	0.098317	0.026834	14084.192383
3941.766233	0.098441	0.026834	14175.840820
3941.767285	0.098514	0.026834	14279.477539
3941.768230	0.098298	0.026834	14372.369141
3941.769102	0.098262	0.026834	14458.053711
3941.770146	0.098350	0.026834	14560.730469
3941.771154	0.098229	0.026834	14659.745117
3942.755520	1.068856	0.020260	455.332703
3942.756537	1.566204	0.020260	2048.161865
3942.757584	1.546370	0.020260	3667.210937
3942.758470	1.505973	0.020260	5001.502930
3942.759360	1.465067	0.020260	6305.412598
3942.760446	1.421191	0.020260	7848.826172
3942.761404	1.382845	0.020260	9173.591797
3942.762273	1.349374	0.020260	10346.197266
3942.763321	1.311504	0.020260	11720.653320
3942.764363	1.275626	0.020260	13049.855469
3942.765251	0.788752	0.020260	13750.267578
3942.766197	0.110658	0.020260	13854.950195
3942.767243	0.098372	0.020260	13957.846680
3942.768183	0.098291	0.020260	14050.240234
3942.769050	0.098452	0.020260	14135.598633
3942.770074	0.098353	0.020260	14236.312500
3942.771082	0.098251	0.020260	14335.349609
3942.771974	0.098298	0.020260	14423.031250
3942.772929	0.098331	0.020260	14516.937500
3942.773972	0.098247	0.020260	14619.409180
3942.774906	0.098324	0.020260	14711.244141
3943.806998	1.151034	0.026306	583.574219
3943.807947	1.570133	0.026306	2073.630371
3943.808817	1.552104	0.026306	3423.961426
3943.809844	1.506548	0.026306	4971.186035
3943.810876	1.461138	0.026306	6479.080078
3943.811773	1.423414	0.026306	7755.882812
3943.812709	1.386127	0.026306	9053.297852
3943.813762	1.345547	0.026306	10470.158203
3943.814721	1.310914	0.026306	11727.325195
3943.815589	1.280361	0.026306	12838.678711
3943.816651	0.770076	0.026306	13656.499023
3943.817649	0.103638	0.026306	13759.929687
3943.818546	0.098361	0.026306	13848.159180
3943.819515	0.098383	0.026306	13943.492187
3943.820552	0.098628	0.026306	14045.769531
3943.821478	0.098467	0.026306	14136.950195
3943.822342	0.098386	0.026306	14221.956055
3943.823416	0.098511	0.026306	14327.756836
3943.824413	0.098518	0.026306	14425.979492
3943.825294	0.098481	0.026306	14512.741211
3943.826290	0.098470	0.026306	14610.817383
3944.812480	1.064399	0.018572	456.627319
3944.813348	1.562531	0.018572	1812.903809
3944.814336	1.553848	0.018572	3348.105469
3944.815266	1.513052	0.018572	4755.243652
3944.816195	1.471516	0.018572	6122.282227
3944.817062	1.433888	0.018572	7365.462891
3944.818074	1.394205	0.018572	8776.398437
3944.819007	1.358060	0.018572	10043.468750
3944.819888	1.325226	0.018572	11210.992187
3944.820814	1.293168	0.018572	12408.465820
3944.821749	1.211144	0.018572	13540.885742
3944.822660	0.247826	0.018572	13766.655273
3944.823530	0.098503	0.018572	13852.353516
3944.824556	0.098390	0.018572	13953.301758
3944.825470	0.098397	0.018572	14043.236328
3944.826359	0.098357	0.018572	14130.675781
3944.827267	0.098284	0.018572	14219.916992
3944.828213	0.098346	0.018572	14312.952148
3944.829144	0.098364	0.018572	14404.529297
3944.830005	0.098412	0.018572	14489.261719
3944.831026	0.098386	0.018572	14589.713867
3945.861560	1.062989	0.026169	447.518555
3945.862495	1.561710	0.026169	1907.717651
3945.863572	1.547941	0.026169	3574.849609
3945.864518	1.505654	0.026169	4999.198730
3945.865388	1.466294	0.026169	6274.874512
3945.866467	1.421770	0.026169	7808.964355
3945.867486	1.381018	0.026169	9216.221680
3945.868381	1.346982	0.026169	10421.770508
3945.869365	1.311819	0.026169	11712.600586
3945.870425	1.274637	0.026169	13063.716797
3945.871356	0.708208	0.026169	13723.058594
3945.872217	0.106249	0.026169	13814.539062
3945.873295	0.098430	0.026169	13920.646484
3945.874278	0.098437	0.026169	14017.410156
3945.875169	0.098525	0.026169	14105.196289
3945.876172	0.098566	0.026169	14204.057617
3945.877224	0.098441	0.026169	14307.618164
3945.878104	0.098445	0.026169	14394.250000
3945.878960	0.098540	0.026169	14478.600586
3945.880053	0.098540	0.026169	14586.304687
3945.881016	0.098416	0.026169	14681.079102
3946.868415	1.065018	0.017702	455.827820
3946.869282	1.562556	0.017702	1810.563965
3946.870281	1.553994	0.017702	3363.003906
3946.871208	1.512242	0.017702	4764.852539
3946.872135	1.471084	0.017702	6128.547363
3946.873009	1.433218	0.017702	7381.179687
3946.874065	1.391711	0.017702	8850.827148
3946.874957	1.356958	0.017702	10061.233398
3946.875839	1.324592	0.017702	11229.523437
3946.876846	1.289916	0.017702	12528.468750
3946.877796	1.140157	0.017702	13611.618164
3946.878735	0.186310	0.017702	13786.563477
3946.879600	0.098207	0.017702	13871.512695
3946.880625	0.098284	0.017702	13972.253906
3946.881504	0.098306	0.017702	14058.665039
3946.882382	0.098328	0.017702	14144.997070
3946.883335	0.098427	0.017702	14238.797852
3946.884297	0.098284	0.017702	14333.346680
3946.885207	0.098394	0.017702	14422.884766
3946.886084	0.098350	0.017702	14509.137695
3946.887115	0.098386	0.017702	14610.574219
3947.917772	1.085585	0.025396	475.486115
3947.918640	1.562761	0.025396	1831.962769
3947.919725	1.549665	0.025396	3513.349609
3947.920726	1.504684	0.025396	5019.538086
3947.921612	1.465657	0.025396	6318.109863
3947.922620	1.423945	0.025396	7753.446777
3947.923665	1.382238	0.025396	9197.884766
3947.924561	1.347411	0.025396	10405.165039
3947.925423	1.314067	0.025396	11537.890625
3947.926554	1.276868	0.025396	12982.028320
3947.927527	0.750443	0.025396	13712.208984
3947.928388	0.107878	0.025396	13805.092773
3947.929411	0.098474	0.025396	13905.832031
3947.930442	0.098379	0.025396	14007.260742
3947.931338	0.098445	0.025396	14095.467773
3947.932267	0.098390	0.025396	14186.872070
3947.933329	0.098569	0.025396	14291.552734
3947.934269	0.098317	0.025396	14383.970703
3947.935136	0.098361	0.025396	14469.249023
3947.936185	0.098470	0.025396	14572.544922
3947.937201	0.098383	0.025396	14672.501953
3948.923431	1.161050	0.016143	601.423828
3948.924345	1.569298	0.016143	2035.762207
3948.925224	1.552712	0.016143	3400.596191
3948.926234	1.508906	0.016143	4924.591797
3948.927234	1.463771	0.016143	6388.362305
3948.928114	1.426586	0.016143	7643.757812
3948.928984	1.390547	0.016143	8853.533203
3948.930045	1.350710	0.016143	10286.636719
3948.930973	1.316733	0.016143	11508.565430
3948.931855	1.285994	0.016143	12642.811523
3948.932832	1.009713	0.016143	13629.300781
3948.933841	0.125222	0.016143	13755.650391
3948.934729	0.098320	0.016143	13842.958984
3948.935590	0.098390	0.016143	13927.672852
3948.936657	0.098599	0.016143	14032.877930
3948.937586	0.098361	0.016143	14124.254883
3948.938462	0.098364	0.016143	14210.421875
3948.939427	0.098412	0.016143	14305.389648
3948.940439	0.098437	0.016143	14405.008789
3948.941332	0.098313	0.016143	14492.802734
3948.942190	0.098529	0.016143	14577.340820
3949.973958	1.071756	0.024071	466.214081
3949.974829	1.563171	0.024071	1827.736328
3949.975844	1.552262	0.024071	3403.282227
3949.976893	1.506368	0.024071	4983.462891
3949.977788	1.466045	0.024071	6295.573242
3949.978715	1.427402	0.024071	7618.775391
3949.979786	1.384226	0.024071	9101.281250
3949.980746	1.347737	0.024071	10395.108398
3949.981617	1.315441	0.024071	11540.857422
3949.982668	1.279241	0.024071	12885.339844
3949.983696	0.764817	0.024071	13671.571289
3949.984585	0.107955	0.024071	13767.543945
3949.985546	0.098467	0.024071	13862.170898
3949.986603	0.098562	0.024071	13966.350586
3949.987518	0.098481	0.024071	14056.460937
3949.988378	0.098419	0.024071	14141.101562
3949.989448	0.098481	0.024071	14246.476562
3949.990453	0.098375	0.024071	14345.343750
3949.991331	0.098470	0.024071	14431.800781
3949.992319	0.098522	0.024071	14529.140625
3949.993376	0.098452	0.024071	14633.204102
3950.977726	1.069783	0.016413	454.657654
3950.978669	1.561567	0.016413	1927.215576
3950.979735	1.547710	0.016413	3577.074219
3950.980672	1.506053	0.016413	4988.246094
3950.981544	1.466202	0.016413	6266.774414
3950.982614	1.422338	0.016413	7788.675781
3950.983625	1.381677	0.016413	9185.551758
3950.984523	1.347590	0.016413	10395.687500
3950.985488	1.312716	0.016413	11662.458984
3950.986558	1.275725	0.016413	13027.484375
3950.987488	0.748451	0.016413	13723.543945
3950.988350	0.108212	0.016413	13816.822266
3950.989431	0.098309	0.016413	13923.094727
3950.990428	0.098397	0.016413	14021.196289
3950.991323	0.098324	0.016413	14109.196289
3950.992320	0.098430	0.016413	14207.331055
3950.993367	0.098412	0.016413	14310.368164
3950.994256	0.098430	0.016413	14397.873047
3950.995116	0.098273	0.016413	14482.387695
3950.996201	0.098463	0.016413	14589.219727
3950.997166	0.098427	0.016413	14684.201172
3952.030181	1.113343	0.023772	519.931396
3952.031061	1.565566	0.023772	1897.629883
3952.032045	1.552438	0.023772	3425.228516
3952.033099	1.505716	0.023772	5012.253906
3952.034016	1.464456	0.023772	6355.159668
3952.034876	1.427241	0.023772	7582.586914
3952.035965	1.384959	0.023772	9090.806641
3952.036970	1.346375	0.023772	10443.913086
3952.037846	1.314331	0.023772	11595.267578
3952.038840	1.279926	0.023772	12867.513672
3952.039908	0.747480	0.023772	13665.823242
3952.040795	0.106139	0.023772	13759.968750
3952.041660	0.098302	0.023772	13845.000000
3952.042755	0.098566	0.023772	13952.929687
3952.043728	0.098247	0.023772	14048.524414
3952.044592	0.098423	0.023772	14133.561523
3952.045639	0.098511	0.023772	14236.702148
3952.046680	0.098467	0.023772	14339.206055
3952.047571	0.098518	0.023772	14426.985352
3952.048471	0.098558	0.023772	14515.687500
3952.049527	0.098606	0.023772	14619.815430
3953.033230	1.142179	0.016453	575.658203
3953.034113	1.567863	0.016453	1960.080933
3953.035007	1.552888	0.016453	3348.362793
3953.036095	1.505585	0.016453	4986.438965
3953.037061	1.463038	0.016453	6399.733887
3953.037928	1.426600	0.016453	7636.596680
3953.038965	1.385002	0.016453	9072.843750
3953.039993	1.346056	0.016453	10456.588867
3953.040887	1.313485	0.016453	11630.844727
3953.041836	1.280749	0.016453	12846.276367
3953.042893	0.764993	0.016453	13654.874023
3953.043826	0.106252	0.016453	13754.007812
3953.044685	0.098375	0.016453	13838.511719
3953.045740	0.098485	0.016453	13942.413086
3953.046755	0.098437	0.016453	14042.327148
3953.047637	0.098427	0.016453	14129.139648
3953.048599	0.098437	0.016453	14223.836914
3953.049676	0.098427	0.016453	14329.841797
3953.050570	0.098412	0.016453	14417.822266
3953.051438	0.098328	0.016453	14503.170898
3953.052516	0.098423	0.016453	14609.270508
3954.084281	1.061349	0.022782	446.827881
3954.085273	1.563336	0.022782	1997.657471
3954.086327	1.546113	0.022782	3627.260742
3954.087242	1.505134	0.022782	5004.458496
3954.088109	1.464683	0.022782	6274.338379
3954.089220	1.420170	0.022782	7852.146973
3954.090194	1.381465	0.022782	9197.693359
3954.091065	1.348129	0.022782	10371.913086
3954.092118	1.309827	0.022782	11751.160156
3954.093169	1.273726	0.022782	13089.845703
3954.094066	0.722721	0.022782	13738.125977
3954.094984	0.106553	0.022782	13835.941406
3954.096030	0.098456	0.022782	13938.925781
3954.096986	0.098430	0.022782	14033.025391
3954.097849	0.098485	0.022782	14118.017578
3954.098886	0.098569	0.022782	14220.234375
3954.099911	0.098346	0.022782	14321.039062
3954.100791	0.098401	0.022782	14407.631836
3954.101751	0.098500	0.022782	14502.191406
3954.102792	0.098478	0.022782	14604.707031
3954.103724	0.098529	0.022782	14696.536133
3955.089670	1.127875	0.017356	562.809509
3955.090558	1.567471	0.017356	1954.723389
3955.091468	1.552449	0.017356	3367.451660
3955.092557	1.505127	0.017356	5006.535156
3955.093504	1.463309	0.017356	6392.289062
3955.094369	1.426736	0.017356	7626.415527
3955.095418	1.385215	0.017356	9079.505859
3955.096449	1.345778	0.017356	10467.002930
3955.097337	1.313123	0.017356	11633.055664
3955.098298	1.280215	0.017356	12863.341797
3955.099355	0.750527	0.017356	13656.649414
3955.100278	0.105670	0.017356	13754.182617
3955.101136	0.098383	0.017356	13838.594727
3955.102157	0.098588	0.017356	13939.252930
3955.103170	0.098489	0.017356	14039.022461
3955.104066	0.098405	0.017356	14127.193359
3955.105025	0.098569	0.017356	14221.721680
3955.106070	0.098441	0.017356	14324.592773
3955.107002	0.098357	0.017356	14416.261719
3955.107872	0.098445	0.017356	14501.909180
3955.108947	0.098419	0.017356	14607.709961
3956.136444	1.137480	0.024099	541.440674
3956.137329	1.566035	0.024099	1927.381836
3956.138210	1.555225	0.024099	3297.534668
3956.139204	1.512876	0.024099	4801.333496
3956.140150	1.469286	0.024099	6191.278320
3956.141061	1.430717	0.024099	7494.661133
3956.141941	1.394788	0.024099	8722.074219
3956.142967	1.355687	0.024099	10113.009766
3956.143870	1.322190	0.024099	11306.947266
3956.144752	1.291168	0.024099	12445.757812
3956.145704	1.157655	0.024099	13547.845703
3956.146683	0.189166	0.024099	13733.039062
3956.147603	0.098258	0.024099	13823.436523
3956.148474	0.098423	0.024099	13909.163086
3956.149565	0.098478	0.024099	14016.602539
3956.150458	0.098306	0.024099	14104.389648
3956.151336	0.098397	0.024099	14190.782227
3956.152216	0.098364	0.024099	14277.342773
3956.153254	0.098335	0.024099	14379.414062
3956.154129	0.098295	0.024099	14465.421875
3956.155003	0.098390	0.024099	14551.415039
3957.151168	1.092312	0.016711	466.417206
3957.152269	1.569294	0.016711	2194.210205
3957.153244	1.544894	0.016711	3700.481445
3957.154110	1.505859	0.016711	5004.555664
3957.155151	1.459944	0.016711	6524.357422
3957.156188	1.417361	0.016711	7994.160645
3957.157076	1.381106	0.016711	9220.583008
3957.158002	1.346081	0.016711	10467.054687
3957.159076	1.307340	0.016711	11871.137695
3957.160024	1.274663	0.016711	13079.518555
3957.160895	0.788339	0.016711	13766.161133
3957.161957	0.103978	0.016711	13876.585937
3957.162967	0.098394	0.016711	13975.963867
3957.163838	0.098514	0.016711	14061.769531
3957.164799	0.098430	0.016711	14156.361328
3957.165844	0.098427	0.016711	14259.216797
3957.166773	0.098353	0.016711	14350.586914
3957.167638	0.098463	0.016711	14435.757812
3957.168704	0.098405	0.016711	14540.657227
3957.169702	0.098331	0.016711	14638.791992
3957.170596	0.098386	0.016711	14726.749023
3958.186023	1.157911	0.025038	602.113953
3958.186907	1.568200	0.025038	1988.402344
3958.187773	1.553903	0.025038	3334.082031
3958.188821	1.508210	0.025038	4914.686523
3958.189779	1.465020	0.025038	6318.175293
3958.190657	1.428116	0.025038	7572.061523
3958.191524	1.391067	0.025038	8778.116211
3958.192636	1.350787	0.025038	10280.191406
3958.193542	1.317261	0.025038	11473.629883
3958.194414	1.286755	0.025038	12595.680664
3958.195438	0.989220	0.025038	13608.641602
3958.196416	0.124080	0.025038	13729.991211
3958.197300	0.098383	0.025038	13816.960937
3958.198158	0.098621	0.025038	13901.577148
3958.199271	0.098434	0.025038	14011.133789
3958.200162	0.098427	0.025038	14098.832031
3958.201030	0.098463	0.025038	14184.297852
3958.202046	0.098683	0.025038	14284.559570
3958.203034	0.098496	0.025038	14381.874023
3958.203923	0.098485	0.025038	14469.427734
3958.204781	0.098408	0.025038	14553.862305
3959.212992	1.072148	0.017734	457.807373
3959.213874	1.563065	0.017734	1836.430908
3959.214888	1.552152	0.017734	3410.312988
3959.215931	1.506335	0.017734	4981.420898
3959.216830	1.465675	0.017734	6299.062988
3959.217728	1.427417	0.017734	7580.883789
3959.218817	1.384647	0.017734	9088.764648
3959.219773	1.348107	0.017734	10377.554687
3959.220641	1.316173	0.017734	11519.993164
3959.221705	1.279559	0.017734	12881.444336
3959.222738	0.762737	0.017734	13669.351562
3959.223619	0.108552	0.017734	13764.986328
3959.224575	0.098441	0.017734	13859.095703
3959.225645	0.098401	0.017734	13964.384766
3959.226573	0.098379	0.017734	14055.680664
3959.227429	0.098342	0.017734	14139.861328
3959.228458	0.098437	0.017734	14241.153320
3959.229478	0.098273	0.017734	14341.391602
3959.230369	0.098386	0.017734	14429.053711
3959.231348	0.098470	0.017734	14525.456055
3959.232391	0.098350	0.017734	14628.035156
3960.233160	1.081553	0.028417	468.312347
3960.234034	1.562915	0.028417	1834.300171
3960.235006	1.553599	0.028417	3344.397949
3960.236033	1.508042	0.028417	4893.157227
3960.236931	1.467960	0.028417	6211.385742
3960.237800	1.430636	0.028417	7454.608398
3960.238880	1.388024	0.028417	8953.673828
3960.239817	1.352000	0.028417	10220.497070
3960.240699	1.319703	0.028417	11384.475586
3960.241671	1.286184	0.028417	12634.646484
3960.242687	1.004916	0.028417	13655.640625
3960.243576	0.141390	0.028417	13781.336914
3960.244438	0.098390	0.028417	13866.149414
3960.245504	0.098412	0.028417	13971.056641
3960.246427	0.098434	0.028417	14061.911133
3960.247296	0.098437	0.028417	14147.453125
3960.248242	0.098547	0.028417	14240.678711
3960.249275	0.098434	0.028417	14342.361328
3960.250169	0.098379	0.028417	14430.312500
3960.251114	0.098459	0.028417	14523.356445
3960.252167	0.098500	0.028417	14627.077148
3961.275417	1.150807	0.018012	583.459106
3961.276345	1.568972	0.018012	2039.465332
3961.277212	1.551837	0.018012	3384.908203
3961.278296	1.504849	0.018012	5016.164062
3961.279309	1.459761	0.018012	6494.901855
3961.280192	1.422971	0.018012	7751.385254
3961.281181	1.383970	0.018012	9120.130859
3961.282219	1.344214	0.018012	10515.424805
3961.283123	1.310896	0.018012	11700.474609
3961.283993	1.279585	0.018012	12813.713867
3961.285087	0.737560	0.018012	13620.604492
3961.286082	0.102411	0.018012	13722.502930
3961.286981	0.098353	0.018012	13810.922852
3961.287962	0.098533	0.018012	13907.583008
3961.289009	0.098489	0.018012	14010.701172
3961.289905	0.098419	0.018012	14098.884766
3961.290779	0.098419	0.018012	14184.903320
3961.291881	0.098459	0.018012	14293.405273
3961.292845	0.098357	0.018012	14388.221680
3961.293715	0.098309	0.018012	14473.750977
3961.294753	0.098427	0.018012	14575.917969
3962.283450	1.066121	0.029581	454.167389
3962.284431	1.562831	0.029581	1987.304321
3962.285491	1.546135	0.029581	3626.207764
3962.286410	1.504761	0.029581	5009.083008
3962.287278	1.464562	0.029581	6280.322754
3962.288394	1.419419	0.029581	7864.394531
3962.289373	1.380835	0.029581	9216.232422
3962.290245	1.347319	0.029581	10391.094727
3962.291310	1.308962	0.029581	11785.139648
3962.292349	1.273217	0.029581	13108.011719
3962.293249	0.700389	0.029581	13738.362305
3962.294180	0.105974	0.029581	13837.024414
3962.295217	0.098478	0.029581	13939.145508
3962.296161	0.098368	0.029581	14032.004883
3962.297022	0.098441	0.029581	14116.762695
3962.298073	0.098470	0.029581	14220.254883
3962.299089	0.098357	0.029581	14320.185547
3962.299972	0.098419	0.029581	14407.089844
3962.300931	0.098511	0.029581	14501.561523
3962.301979	0.098474	0.029581	14604.762695
3962.302891	0.098441	0.029581	14694.541016
3963.334455	1.191039	0.017009	653.880249
3963.335514	1.570532	0.017009	2317.073730
3963.336415	1.544081	0.017009	3708.290527
3963.337323	1.502527	0.017009	5072.584961
3963.338413	1.455117	0.017009	6658.662598
3963.339364	1.416119	0.017009	8005.392090
3963.340238	1.380842	0.017009	9212.248047
3963.341288	1.341533	0.017009	10620.857422
3963.342319	1.304414	0.017009	11965.708008
3963.343218	1.273195	0.017009	13110.309570
3963.344182	0.661688	0.017009	13748.176758
3963.345238	0.100221	0.017009	13854.009766
3963.346169	0.098518	0.017009	13945.730469
3963.347033	0.098577	0.017009	14030.900391
3963.348099	0.098507	0.017009	14135.909180
3963.349101	0.098328	0.017009	14234.433594
3963.349987	0.098456	0.017009	14321.665039
3963.350976	0.098562	0.017009	14419.142578
3963.352024	0.098412	0.017009	14522.278320
3963.352933	0.098339	0.017009	14611.667969
3963.353791	0.098416	0.017009	14696.108398
3964.337079	1.080568	0.029900	452.757812
3964.338164	1.568361	0.029900	2154.429199
3964.339124	1.545121	0.029900	3637.745117
3964.340012	1.506046	0.029900	4975.114258
3964.341015	1.461603	0.029900	6441.102051
3964.342080	1.417874	0.029900	7951.137207
3964.342977	1.381480	0.029900	9190.324219
3964.343873	1.346327	0.029900	10396.632812
3964.344976	1.307285	0.029900	11838.568359
3964.345929	1.274630	0.029900	13053.291016
3964.346804	0.800197	0.029900	13753.462891
3964.347846	0.104139	0.029900	13861.976562
3964.348866	0.098331	0.029900	13962.274414
3964.349758	0.098478	0.029900	14050.116211
3964.350708	0.098518	0.029900	14143.708008
3964.351741	0.098408	0.029900	14245.363281
3964.352672	0.098357	0.029900	14336.933594
3964.353534	0.098353	0.029900	14421.713867
3964.354589	0.098610	0.029900	14525.747070
3964.355600	0.098496	0.029900	14625.326172
3964.356478	0.098405	0.029900	14711.725586
3965.387706	1.065520	0.015724	449.649475
3965.388655	1.561937	0.015724	1931.927979
3965.389562	1.553595	0.015724	3341.038574
3965.390488	1.513407	0.015724	4742.453613
3965.391355	1.473739	0.015724	6020.185547
3965.392327	1.432471	0.015724	7412.546875
3965.393288	1.393901	0.015724	8752.085937
3965.394168	1.359587	0.015724	9948.522461
3965.395157	1.323732	0.015724	11257.693359
3965.396076	1.290121	0.015724	12443.314453
3965.396998	1.202783	0.015724	13552.280273
3965.397892	0.248295	0.015724	13774.255859
3965.398830	0.098445	0.015724	13866.596680
3965.399773	0.098386	0.015724	13959.375000
3965.400666	0.098423	0.015724	14047.266602
3965.401617	0.098580	0.015724	14141.016602
3965.402586	0.098284	0.015724	14236.253906
3965.403510	0.098383	0.015724	14327.159180
3965.404390	0.098309	0.015724	14413.671875
3965.405328	0.098437	0.015724	14506.005859
3965.406243	0.098379	0.015724	14596.022461
3966.396347	1.059250	0.028413	444.885193
3966.397331	1.562223	0.028413	1982.112549
3966.398389	1.546381	0.028413	3618.183105
3966.399297	1.505303	0.028413	4984.998047
3966.400164	1.465404	0.028413	6255.503418
3966.401259	1.421166	0.028413	7811.680176
3966.402266	1.380483	0.028413	9201.827148
3966.403154	1.346931	0.028413	10397.902344
3966.404175	1.310548	0.028413	11735.971680
3966.405224	1.274323	0.028413	13072.736328
3966.406118	0.745697	0.028413	13739.389648
3966.407022	0.108281	0.028413	13837.276367
3966.408110	0.098489	0.028413	13944.432617
3966.409052	0.098364	0.028413	14037.091797
3966.409911	0.098390	0.028413	14121.608398
3966.410927	0.098547	0.028413	14221.732422
3966.411963	0.098470	0.028413	14323.748047
3966.412859	0.098452	0.028413	14411.960937
3966.413787	0.098448	0.028413	14503.321289
3966.414843	0.098514	0.028413	14607.352539
3966.415779	0.098405	0.028413	14699.458984
3967.436737	1.079253	0.015301	462.999512
3967.437614	1.562655	0.015301	1833.447876
3967.438577	1.553998	0.015301	3329.947754
3967.439517	1.512612	0.015301	4751.803223
3967.440417	1.472080	0.015301	6076.675293
3967.441370	1.432515	0.015301	7441.861816
3967.442342	1.392587	0.015301	8795.456055
3967.443278	1.356812	0.015301	10065.431641
3967.444161	1.324065	0.015301	11234.581055
3967.445106	1.291666	0.015301	12455.206055
3967.446044	1.191665	0.015301	13572.988281
3967.446972	0.223198	0.015301	13780.116211
3967.447836	0.098481	0.015301	13865.204102
3967.448851	0.098448	0.015301	13965.128906
3967.449778	0.098324	0.015301	14056.275391
3967.450667	0.098335	0.015301	14143.695312
3967.451549	0.098335	0.015301	14230.426758
3967.452542	0.098383	0.015301	14328.121094
3967.453463	0.098353	0.015301	14418.704102
3967.454326	0.098375	0.015301	14503.601562
3967.455350	0.098328	0.015301	14604.289062
3968.459450	1.063125	0.027390	446.512512
3968.460425	1.561886	0.027390	1969.351318
3968.461479	1.546183	0.027390	3599.028076
3968.462410	1.504552	0.027390	4999.766113
3968.463280	1.464521	0.027390	6273.899902
3968.464387	1.419829	0.027390	7845.650879
3968.465373	1.380147	0.027390	9206.475586
3968.466275	1.346188	0.027390	10420.737305
3968.467263	1.310391	0.027390	11715.403320
3968.468325	1.274293	0.027390	13068.703125
3968.469223	0.739266	0.027390	13732.564453
3968.470089	0.107834	0.027390	13825.949219
3968.471200	0.098595	0.027390	13935.488281
3968.472152	0.098423	0.027390	14029.186523
3968.473016	0.098573	0.027390	14114.353516
3968.474052	0.098577	0.027390	14216.478516
3968.475089	0.098500	0.027390	14318.623047
3968.475974	0.098467	0.027390	14405.766602
3968.476926	0.098588	0.027390	14499.622070
3968.477976	0.098489	0.027390	14603.035156
3968.478914	0.098514	0.027390	14695.441406
3969.484301	1.141428	0.019051	571.855530
3969.485276	1.570027	0.019051	2102.631836
3969.486158	1.550120	0.019051	3469.837402
3969.487165	1.505299	0.019051	4985.673828
3969.488223	1.459241	0.019051	6529.550293
3969.489125	1.421199	0.019051	7811.471680
3969.490024	1.384182	0.019051	9055.851562
3969.491120	1.343573	0.019051	10528.407227
3969.492087	1.308648	0.019051	11793.869141
3969.492957	1.278160	0.019051	12905.869141
3969.494018	0.704311	0.019051	13653.143555
3969.495035	0.101591	0.019051	13756.460937
3969.495923	0.098430	0.019051	13843.867187
3969.496867	0.098577	0.019051	13936.923828
3969.497908	0.098573	0.019051	14039.538086
3969.498833	0.098328	0.019051	14130.491211
3969.499694	0.098478	0.019051	14215.280273
3969.500752	0.098518	0.019051	14319.512695
3969.501769	0.098470	0.019051	14419.657227
3969.502649	0.098346	0.019051	14506.201172
3969.503553	0.098445	0.019051	14595.195312
3970.521811	1.101303	0.027652	490.079620
3970.522684	1.563252	0.027652	1854.798584
3970.523720	1.550662	0.027652	3461.284180
3970.524781	1.504281	0.027652	5057.326172
3970.525669	1.463708	0.027652	6357.099121
3970.526551	1.425542	0.027652	7614.427246
3970.527647	1.382779	0.027652	9129.953125
3970.528611	1.346459	0.027652	10427.939453
3970.529474	1.314646	0.027652	11562.478516
3970.530500	1.278684	0.027652	12874.408203
3970.531567	0.740156	0.027652	13664.155273
3970.532444	0.106274	0.027652	13757.358398
3970.533380	0.098386	0.027652	13849.448242
3970.534438	0.098577	0.027652	13953.742187
3970.535375	0.098533	0.027652	14046.067383
3970.536244	0.098573	0.027652	14131.727539
3970.537284	0.098555	0.027652	14234.224609
3970.538297	0.098463	0.027652	14333.967773
3970.539184	0.098423	0.027652	14421.268555
3970.540136	0.098456	0.027652	14514.998047
3970.541195	0.098448	0.027652	14619.254883
3971.533263	1.082487	0.021138	469.799133
3971.534216	1.561798	0.021138	1958.192627
3971.535184	1.550409	0.021138	3458.988525
3971.536091	1.509620	0.021138	4828.214355
3971.536976	1.470088	0.021138	6129.242187
3971.537999	1.427794	0.021138	7589.875488
3971.538906	1.390646	0.021138	8851.191406
3971.539786	1.356819	0.021138	10045.192383
3971.540682	1.322593	0.021138	11230.235352
3971.541737	1.286495	0.021138	12587.488281
3971.542640	1.141344	0.021138	13618.122070
3971.543526	0.195029	0.021138	13790.917969
3971.544549	0.098269	0.021138	13891.447266
3971.545455	0.098437	0.021138	13980.631836
3971.546379	0.098507	0.021138	14071.652344
3971.547237	0.098434	0.021138	14156.108398
3971.548269	0.098397	0.021138	14257.654297
3971.549141	0.098390	0.021138	14343.450195
3971.550012	0.098470	0.021138	14429.217773
3971.550989	0.098317	0.021138	14525.273437
3971.551933	0.098375	0.021138	14618.139648
3972.581833	1.077880	0.028671	469.955536
3972.582702	1.562186	0.028671	1827.495361
3972.583753	1.549592	0.028671	3456.116699
3972.584781	1.504318	0.028671	5002.555176
3972.585677	1.464489	0.028671	6314.736816
3972.586637	1.425018	0.028671	7682.754395
3972.587694	1.382314	0.028671	9143.860352
3972.588624	1.346895	0.028671	10396.472656
3972.589493	1.314232	0.028671	11538.540039
3972.590564	1.277977	0.028671	12907.253906
3972.591562	0.769003	0.028671	13674.718750
3972.592455	0.108424	0.028671	13771.541016
3972.593449	0.098456	0.028671	13869.406250
3972.594483	0.098427	0.028671	13971.179687
3972.595376	0.098467	0.028671	14059.110352
3972.596236	0.098511	0.028671	14143.830078
3972.597327	0.098547	0.028671	14251.345703
3972.598296	0.098390	0.028671	14346.685547
3972.599173	0.098463	0.028671	14433.038086
3972.600186	0.098610	0.028671	14532.929687
3972.601243	0.098496	0.028671	14637.040039
3973.586882	1.068790	0.019672	456.373474
3973.587854	1.561542	0.019672	1974.192139
3973.588783	1.551694	0.019672	3415.716064
3973.589662	1.512143	0.019672	4744.890137
3973.590533	1.471121	0.019672	6026.236328
3973.591575	1.429457	0.019672	7515.730469
3973.592504	1.391869	0.019672	8808.776367
3973.593393	1.357548	0.019672	10015.636719
3973.594270	1.324102	0.019672	11176.874023
3973.595278	1.289418	0.019672	12476.607422
3973.596207	1.196133	0.019672	13587.814453
3973.597080	0.237902	0.019672	13795.502930
3973.598104	0.098214	0.019672	13896.074219
3973.598988	0.098416	0.019672	13983.073242
3973.599915	0.098500	0.019672	14074.382812
3973.600773	0.098309	0.019672	14158.732422
3973.601735	0.098328	0.019672	14253.323242
3973.602674	0.098386	0.019672	14345.708008
3973.603555	0.098437	0.019672	14432.431641
3973.604551	0.098375	0.019672	14530.413086
3973.605447	0.098401	0.019672	14618.580078
3974.637815	1.121653	0.026540	542.879944
3974.638687	1.565460	0.026540	1907.961182
3974.639625	1.551962	0.026540	3363.701172
3974.640692	1.505266	0.026540	4969.820312
3974.641635	1.463493	0.026540	6349.893555
3974.642507	1.426582	0.026540	7593.873047
3974.643568	1.384373	0.026540	9062.692383
3974.644590	1.345320	0.026540	10437.609375
3974.645485	1.312936	0.026540	11612.686523
3974.646464	1.279472	0.026540	12865.289062
3974.647526	0.733517	0.026540	13644.284180
3974.648446	0.104700	0.026540	13740.607422
3974.649313	0.098481	0.026540	13825.991211
3974.650410	0.098536	0.026540	13934.085937
3974.651396	0.098357	0.026540	14031.065430
3974.652290	0.098463	0.026540	14119.091797
3974.653284	0.098555	0.026540	14217.054687
3974.654317	0.098533	0.026540	14318.838867
3974.655212	0.098518	0.026540	14407.012695
3974.656075	0.098591	0.026540	14492.096680
3974.657172	0.098511	0.026540	14600.163086
3975.644207	1.175193	0.018777	624.027405
3975.645112	1.568412	0.018777	2043.440186
3975.645991	1.551581	0.018777	3407.279785
3975.646854	1.511180	0.018777	4711.428711
3975.647922	1.465756	0.018777	6276.855469
3975.648820	1.428058	0.018777	7559.251465
3975.649698	1.392689	0.018777	8782.032227
3975.650719	1.354263	0.018777	10164.734375
3975.651635	1.319366	0.018777	11373.274414
3975.652566	1.287374	0.018777	12571.820312
3975.653427	1.154224	0.018777	13565.606445
3975.654449	0.175356	0.018777	13744.820312
3975.655342	0.098207	0.018777	13832.518555
3975.656221	0.098401	0.018777	13919.012695
3975.657174	0.098405	0.018777	14012.791992
3975.658128	0.098394	0.018777	14106.659180
3975.659050	0.098243	0.018777	14197.239258
3975.659913	0.098346	0.018777	14282.111328
3975.660954	0.098298	0.018777	14384.439453
3975.661839	0.098284	0.018777	14471.420898
3975.662713	0.098324	0.018777	14557.356445
3976.690947	1.144592	0.024639	565.428589
3976.691835	1.566647	0.024639	1956.610840
3976.692781	1.551390	0.024639	3424.226074
3976.693832	1.504545	0.024639	5005.502441
3976.694768	1.462983	0.024639	6374.854980
3976.695632	1.426425	0.024639	7607.285645
3976.696678	1.385057	0.024639	9056.055664
3976.697697	1.346382	0.024639	10428.018555
3976.698582	1.313727	0.024639	11590.666992
3976.699565	1.280332	0.024639	12849.233398
3976.700621	0.768325	0.024639	13660.584961
3976.701530	0.106652	0.024639	13757.531250
3976.702397	0.098298	0.024639	13842.755859
3976.703449	0.098514	0.024639	13946.392578
3976.704439	0.098254	0.024639	14043.664062
3976.705335	0.098459	0.024639	14131.883789
3976.706307	0.098489	0.024639	14227.615234
3976.707349	0.098408	0.024639	14330.156250
3976.708266	0.098397	0.024639	14420.386719
3976.709131	0.098427	0.024639	14505.525391
3976.710227	0.098478	0.024639	14613.457031
3977.703355	1.087185	0.018169	460.966461
3977.704409	1.568683	0.018169	2114.358154
3977.705297	1.549574	0.018169	3490.379883
3977.706168	1.510994	0.018169	4806.455566
3977.707165	1.466942	0.018169	6268.997070
3977.708100	1.426794	0.018169	7603.049805
3977.709018	1.390239	0.018169	8879.289062
3977.709897	1.355651	0.018169	10070.906250
3977.710951	1.317766	0.018169	11459.832031
3977.711843	1.286433	0.018169	12607.330078
3977.712724	1.167147	0.018169	13635.586914
3977.713713	0.198669	0.018169	13832.071289
3977.714663	0.098265	0.018169	13925.423828
3977.715597	0.098383	0.018169	14017.313477
3977.716459	0.098313	0.018169	14102.059570
3977.717491	0.098350	0.018169	14203.556641
3977.718374	0.098350	0.018169	14290.399414
3977.719258	0.098419	0.018169	14377.402344
3977.720196	0.098434	0.018169	14469.733398
3977.721184	0.098320	0.018169	14566.874023
3977.722102	0.098225	0.018169	14657.044922
3978.741943	1.060291	0.024542	447.442627
3978.742958	1.565109	0.024542	2036.027954
3978.744016	1.544227	0.024542	3669.820312
3978.744912	1.503926	0.024542	5017.337891
3978.745849	1.462343	0.024542	6387.552734
3978.746916	1.417910	0.024542	7900.462891
3978.747863	1.380319	0.024542	9207.625000
3978.748735	1.346796	0.024542	10382.031250
3978.749791	1.308750	0.024542	11764.071289
3978.750817	1.273345	0.024542	13070.523437
3978.751721	0.731836	0.024542	13732.103516
3978.752692	0.106901	0.024542	13835.904297
3978.753740	0.098416	0.024542	13939.043945
3978.754667	0.098383	0.024542	14030.244141
3978.755533	0.098375	0.024542	14115.437500
3978.756603	0.098423	0.024542	14220.750000
3978.757586	0.098339	0.024542	14317.416992
3978.758469	0.098324	0.024542	14404.237305
3978.759461	0.098339	0.024542	14501.789062
3978.760501	0.098397	0.024542	14604.122070
3978.761407	0.098456	0.024542	14693.323242
3979.763476	1.118357	0.018177	577.072205
3979.764434	1.569181	0.018177	2080.347656
3979.765365	1.548105	0.018177	3521.633789
3979.766235	1.508873	0.018177	4834.353516
3979.767283	1.463328	0.018177	6367.920898
3979.768164	1.425989	0.018177	7624.216797
3979.769041	1.390540	0.018177	8843.719727
3979.769983	1.354504	0.018177	10119.663086
3979.770960	1.318217	0.018177	11407.560547
3979.771889	1.286008	0.018177	12602.261719
3979.772769	1.153048	0.018177	13616.944336
3979.773812	0.157072	0.018177	13780.769531
3979.774719	0.098203	0.018177	13869.839844
3979.775597	0.098496	0.018177	13956.319336
3979.776458	0.098383	0.018177	14041.026367
3979.777509	0.098273	0.018177	14144.310547
3979.778394	0.098328	0.018177	14231.330078
3979.779264	0.098416	0.018177	14316.951172
3979.780261	0.098470	0.018177	14415.125977
3979.781194	0.098350	0.018177	14506.885742
3979.782114	0.098328	0.018177	14597.347656
3980.791239	1.086295	0.028502	472.538422
3980.792103	1.561058	0.028502	1821.292847
3980.793210	1.547457	0.028502	3534.328125
3980.794195	1.504087	0.028502	5015.853516
3980.795064	1.465078	0.028502	6289.006348
3980.796152	1.419943	0.028502	7833.903809
3980.797181	1.379019	0.028502	9252.914062
3980.798074	1.344858	0.028502	10453.873047
3980.799015	1.311057	0.028502	11687.578125
3980.800073	1.274194	0.028502	13035.675781
3980.801019	0.710479	0.028502	13707.788086
3980.801885	0.106443	0.028502	13799.967773
3980.802948	0.098350	0.028502	13904.513672
3980.803968	0.098397	0.028502	14004.878906
3980.804849	0.098405	0.028502	14091.573242
3980.805826	0.098533	0.028502	14187.839844
3980.806864	0.098511	0.028502	14290.093750
3980.807769	0.098427	0.028502	14379.169922
3980.808638	0.098408	0.028502	14464.686523
3980.809678	0.098489	0.028502	14567.115234
3980.810676	0.098379	0.028502	14665.297852
3981.823554	1.180466	0.017726	661.061096
3981.824449	1.568694	0.017726	2065.041992
3981.825377	1.548688	0.017726	3502.224121
3981.826255	1.508130	0.017726	4826.362305
3981.827293	1.463412	0.017726	6345.383789
3981.828190	1.425861	0.017726	7624.380859
3981.829074	1.390397	0.017726	8853.491211
3981.830072	1.352717	0.017726	10203.502930
3981.831022	1.316898	0.017726	11454.556641
3981.831960	1.284738	0.017726	12659.640625
3981.832833	1.076393	0.017726	13599.332031
3981.833894	0.135688	0.017726	13743.297852
3981.834770	0.098232	0.017726	13829.349609
3981.835641	0.098353	0.017726	13915.015625
3981.836601	0.098375	0.017726	14009.456055
3981.837543	0.098225	0.017726	14101.984375
3981.838460	0.098269	0.017726	14192.096680
3981.839335	0.098386	0.017726	14278.184570
3981.840356	0.098291	0.017726	14378.540039
3981.841247	0.098372	0.017726	14466.189453
3981.842123	0.098372	0.017726	14552.363281
3982.843402	1.130570	0.031016	565.285034
3982.844301	1.566811	0.031016	1973.848511
3982.845167	1.551834	0.031016	3317.736328
3982.846255	1.504944	0.031016	4955.115234
3982.847260	1.460189	0.031016	6422.605469
3982.848157	1.423623	0.031016	7699.595215
3982.849146	1.383944	0.031016	9068.316406
3982.850210	1.344009	0.031016	10498.341797
3982.851106	1.310892	0.031016	11672.901367
3982.851990	1.279069	0.031016	12803.597656
3982.853107	0.717023	0.031016	13604.511719
3982.854067	0.102883	0.031016	13703.279297
3982.854934	0.098313	0.031016	13788.516602
3982.855979	0.098485	0.031016	13891.433594
3982.856997	0.098394	0.031016	13991.598633
3982.857889	0.098492	0.031016	14079.454102
3982.858832	0.098474	0.031016	14172.315430
3982.859875	0.098437	0.031016	14274.985352
3982.860806	0.098489	0.031016	14366.678711
3982.861669	0.098397	0.031016	14451.595703
3982.862718	0.098364	0.031016	14554.780273
3983.880930	1.111827	0.018689	512.552490
3983.881822	1.564991	0.018689	1908.524902
3983.882690	1.553730	0.018689	3257.162842
3983.883741	1.509573	0.018689	4843.723633
3983.884621	1.469817	0.018689	6137.162598
3983.885498	1.433042	0.018689	7393.940430
3983.886511	1.392869	0.018689	8804.916016
3983.887432	1.356259	0.018689	10054.030273
3983.888343	1.322695	0.018689	11259.005859
3983.889227	1.291007	0.018689	12400.255859
3983.890262	1.139828	0.018689	13579.977539
3983.891168	0.195974	0.018689	13757.530273
3983.892050	0.098309	0.018689	13844.239258
3983.893006	0.098459	0.018689	13938.366211
3983.893964	0.098276	0.018689	14032.514648
3983.894885	0.098295	0.018689	14123.043945
3983.895749	0.098339	0.018689	14208.008789
3983.896781	0.098361	0.018689	14309.516602
3983.897665	0.098280	0.018689	14396.396484
3983.898545	0.098419	0.018689	14483.005859
3983.899431	0.098383	0.018689	14570.172852
3984.897487	1.094835	0.030025	482.822357
3984.898349	1.561293	0.030025	1828.656738
3984.899466	1.546901	0.030025	3556.544922
3984.900440	1.503929	0.030025	5021.372070
3984.901303	1.465144	0.030025	6285.791504
3984.902382	1.420437	0.030025	7818.442871
3984.903415	1.379648	0.030025	9243.620117
3984.904297	1.345518	0.030025	10430.366211
3984.905228	1.311705	0.030025	11651.563477
3984.906303	1.274451	0.030025	13021.597656
3984.907253	0.725588	0.030025	13710.906250
3984.908110	0.107087	0.030025	13802.679687
3984.909147	0.098500	0.030025	13904.824219
3984.910166	0.098430	0.030025	14005.125000
3984.911064	0.098375	0.030025	14093.465820
3984.912024	0.098507	0.030025	14188.032227
3984.913074	0.098547	0.030025	14291.506836
3984.913992	0.098437	0.030025	14381.872070
3984.914864	0.098375	0.030025	14467.655273
3984.915924	0.098500	0.030025	14572.065430
3984.916921	0.098324	0.030025	14670.094727
3985.938376	1.078173	0.018419	461.457855
3985.939264	1.561040	0.018419	1847.661499
3985.940301	1.549772	0.018419	3454.774658
3985.941189	1.510378	0.018419	4795.990723
3985.942064	1.471143	0.018419	6083.240234
3985.943080	1.429479	0.018419	7535.590820
3985.943987	1.391184	0.018419	8797.394531
3985.944910	1.356189	0.018419	10049.157227
3985.945792	1.322919	0.018419	11215.971680
3985.946832	1.287199	0.018419	12554.658203
3985.947729	1.148837	0.018419	13585.165039
3985.948661	0.188401	0.018419	13760.754883
3985.949522	0.098306	0.018419	13845.396484
3985.950521	0.098353	0.018419	13943.651367
3985.951445	0.098401	0.018419	14034.574219
3985.952314	0.098350	0.018419	14120.040039
3985.953345	0.098313	0.018419	14221.400391
3985.954221	0.098361	0.018419	14307.564453
3985.955122	0.098390	0.018419	14396.213867
3985.956002	0.098401	0.018419	14482.806641
3985.956971	0.098437	0.018419	14578.192383
3986.952000	1.165532	0.028885	652.698059
3986.953073	1.569357	0.028885	2336.617676
3986.953974	1.542253	0.028885	3726.187988
3986.954836	1.501322	0.028885	5020.327637
3986.955956	1.454407	0.028885	6649.263184
3986.956925	1.414504	0.028885	8019.917969
3986.957786	1.379791	0.028885	9207.917969
3986.958816	1.340541	0.028885	10588.674805
3986.959897	1.302715	0.028885	11996.910156
3986.960778	1.271664	0.028885	13117.246094
3986.961724	0.649354	0.028885	13731.535156
3986.962787	0.099796	0.028885	13837.618164
3986.963725	0.098309	0.028885	13929.832031
3986.964592	0.098328	0.028885	14015.082031
3986.965631	0.098397	0.028885	14117.316406
3986.966653	0.098269	0.028885	14217.747070
3986.967550	0.098331	0.028885	14305.950195
3986.968492	0.098280	0.028885	14398.530273
3986.969536	0.098423	0.028885	14501.284180
3986.970476	0.098368	0.028885	14593.750000
3986.971339	0.098430	0.028885	14678.695312
3987.994331	1.116691	0.017166	509.210937
3987.995221	1.564559	0.017166	1901.668701
3987.996228	1.550207	0.017166	3462.727539
3987.997148	1.508661	0.017166	4850.695312
3987.998069	1.467869	0.017166	6202.602539
3987.998936	1.430416	0.017166	7442.773437
3987.999975	1.389723	0.017166	8886.695312
3988.000861	1.355164	0.017166	10087.370117
3988.001792	1.321219	0.017166	11317.425781
3988.002658	1.289736	0.017166	12434.337891
3988.003632	1.156641	0.017166	13560.906250
3988.004576	0.197615	0.017166	13747.454102
3988.005452	0.098196	0.017166	13833.473633
3988.006471	0.098207	0.017166	13933.545898
3988.007364	0.098236	0.017166	14021.270508
3988.008280	0.098346	0.017166	14111.355469
3988.009144	0.098247	0.017166	14196.241211
3988.010123	0.098218	0.017166	14292.396484
3988.011043	0.098265	0.017166	14382.800781
3988.011917	0.098405	0.017166	14468.806641
3988.012921	0.098232	0.017166	14567.431641
3989.009672	1.138063	0.026911	566.755249
3989.010562	1.565845	0.026911	1960.356934
3989.011509	1.550460	0.026911	3428.642822
3989.012575	1.503366	0.026911	5031.230469
3989.013522	1.461544	0.026911	6415.312500
3989.014382	1.424696	0.026911	7640.550781
3989.015416	1.383453	0.026911	9071.041016
3989.016440	1.344617	0.026911	10447.928711
3989.017336	1.312050	0.026911	11623.525391
3989.018310	1.278911	0.026911	12869.184570
3989.019364	0.733982	0.026911	13642.801758
3989.020284	0.104908	0.026911	13739.317383
3989.021144	0.098335	0.026911	13823.885742
3989.022226	0.098423	0.026911	13930.378906
3989.023218	0.098350	0.026911	14027.941406
3989.024113	0.098375	0.026911	14115.987305
3989.025091	0.098507	0.026911	14212.327148
3989.026145	0.098397	0.026911	14316.038086
3989.027058	0.098324	0.026911	14405.807617
3989.027920	0.098383	0.026911	14490.613281
3989.029002	0.098379	0.026911	14597.059570
3990.048214	1.094703	0.015204	484.953583
3990.049086	1.562765	0.015204	1847.684570
3990.050069	1.552126	0.015204	3373.424805
3990.050996	1.511096	0.015204	4774.210937
3990.051879	1.471197	0.015204	6073.278320
3990.052899	1.429069	0.015204	7530.928223
3990.053796	1.392250	0.015204	8779.776367
3990.054715	1.357072	0.015204	10026.924805
3990.055584	1.324526	0.015204	11177.938477
3990.056561	1.290132	0.015204	12438.397461
3990.057484	1.210140	0.015204	13555.357422
3990.058362	0.256813	0.015204	13780.838867
3990.059357	0.098580	0.015204	13878.926758
3990.060275	0.098383	0.015204	13969.242187
3990.061201	0.098397	0.015204	14060.358398
3990.062060	0.098423	0.015204	14144.903320
3990.063075	0.098269	0.015204	14244.646484
3990.063963	0.098317	0.015204	14331.952148
3990.064891	0.098401	0.015204	14423.268555
3990.065752	0.098448	0.015204	14508.032227
3990.066748	0.098331	0.015204	14605.969727
3991.066572	1.076964	0.026202	476.018158
3991.067439	1.561582	0.026202	1829.909790
3991.068486	1.549497	0.026202	3452.233398
3991.069511	1.504442	0.026202	4994.286621
3991.070395	1.464770	0.026202	6289.143555
3991.071336	1.425795	0.026202	7630.816406
3991.072409	1.382988	0.026202	9114.762695
3991.073338	1.347279	0.026202	10366.384766
3991.074199	1.315353	0.026202	11498.903320
3991.075239	1.279545	0.026202	12829.629883
3991.076270	0.810813	0.026202	13665.578125
3991.077146	0.111086	0.026202	13762.889648
3991.078099	0.098364	0.026202	13856.630859
3991.079150	0.098514	0.026202	13960.169922
3991.080073	0.098573	0.026202	14051.152344
3991.080939	0.098412	0.026202	14136.376953
3991.082005	0.098518	0.026202	14241.397461
3991.083005	0.098350	0.026202	14339.747070
3991.083893	0.098507	0.026202	14427.221680
3991.084867	0.098522	0.026202	14523.181641
3991.085913	0.098448	0.026202	14626.159180
3992.100808	1.079092	0.015277	467.246735
3992.101683	1.562106	0.015277	1834.089233
3992.102654	1.554265	0.015277	3343.280762
3992.103555	1.513583	0.015277	4707.019043
3992.104480	1.471926	0.015277	6068.550781
3992.105350	1.434917	0.015277	7316.928711
3992.106319	1.395754	0.015277	8669.415039
3992.107265	1.359346	0.015277	9955.356445
3992.108145	1.326453	0.015277	11122.634766
3992.109135	1.292545	0.015277	12402.254883
3992.110032	1.230377	0.015277	13505.903320
3992.110950	0.276625	0.015277	13759.844727
3992.111852	0.098522	0.015277	13848.710937
3992.112799	0.098448	0.015277	13941.941406
3992.113753	0.098397	0.015277	14035.812500
3992.114649	0.098353	0.015277	14123.937500
3992.115602	0.098419	0.015277	14217.731445
3992.116554	0.098423	0.015277	14311.429687
3992.117474	0.098269	0.015277	14401.836914
3992.118354	0.098339	0.015277	14488.375000
3992.119303	0.098379	0.015277	14581.736328
3993.124925	1.182264	0.025916	640.787354
3993.125962	1.569481	0.025916	2268.339355
3993.126842	1.544810	0.025916	3627.771729
3993.127798	1.502014	0.025916	5063.697266
3993.128872	1.454875	0.025916	6626.233398
3993.129810	1.416149	0.025916	7954.581055
3993.130678	1.381025	0.025916	9153.311523
3993.131721	1.341925	0.025916	10552.939453
3993.132736	1.305267	0.025916	11877.786133
3993.133626	1.274590	0.025916	13012.170898
3993.134591	0.731609	0.025916	13718.173828
3993.135635	0.101737	0.025916	13824.387695
3993.136564	0.098346	0.025916	13915.750977
3993.137426	0.098478	0.025916	14000.638672
3993.138500	0.098577	0.025916	14106.509766
3993.139485	0.098470	0.025916	14203.502930
3993.140380	0.098313	0.025916	14291.493164
3993.141367	0.098558	0.025916	14388.770508
3993.142395	0.098511	0.025916	14490.039062
3993.143300	0.098331	0.025916	14579.029297
3993.144160	0.098313	0.025916	14663.578125
3994.151107	1.077568	0.015776	464.431946
3994.151973	1.560743	0.015776	1816.035889
3994.152993	1.551050	0.015776	3398.106689
3994.153919	1.510554	0.015776	4796.879883
3994.154810	1.470469	0.015776	6107.067383
3994.155759	1.431856	0.015776	7465.898437
3994.156658	1.393231	0.015776	8718.413086
3994.157588	1.357815	0.015776	9981.180664
3994.158468	1.323992	0.015776	11146.292969
3994.159501	1.289121	0.015776	12477.955078
3994.160422	1.191394	0.015776	13575.228516
3994.161323	0.222810	0.015776	13775.980469
3994.162190	0.098346	0.015776	13861.246094
3994.163197	0.098313	0.015776	13960.247070
3994.164133	0.098339	0.015776	14052.291992
3994.165022	0.098408	0.015776	14139.777344
3994.165947	0.098390	0.015776	14230.788086
3994.166894	0.098372	0.015776	14323.946289
3994.167769	0.098379	0.015776	14410.028320
3994.168687	0.098364	0.015776	14500.327148
3994.169660	0.098302	0.015776	14595.974609
3995.185898	1.122187	0.024369	519.572815
3995.186779	1.563981	0.024369	1897.439697
3995.187788	1.549878	0.024369	3461.266602
3995.188835	1.503153	0.024369	5035.067871
3995.189746	1.462643	0.024369	6367.535156
3995.190607	1.425417	0.024369	7594.819336
3995.191696	1.383343	0.024369	9101.280273
3995.192677	1.345448	0.024369	10421.165039
3995.193555	1.313408	0.024369	11574.337891
3995.194547	1.279219	0.024369	12843.323242
3995.195612	0.749630	0.024369	13641.679687
3995.196508	0.106329	0.024369	13736.951172
3995.197375	0.098368	0.024369	13822.236328
3995.198469	0.098353	0.024369	13929.834961
3995.199430	0.098412	0.024369	14024.409180
3995.200296	0.098408	0.024369	14109.630859
3995.201336	0.098533	0.024369	14212.104492
3995.202370	0.098394	0.024369	14313.843750
3995.203262	0.098430	0.024369	14401.643555
3995.204161	0.098357	0.024369	14490.066406
3995.205264	0.098503	0.024369	14598.715820
3996.200386	1.070343	0.018649	459.177155
3996.201254	1.561267	0.018649	1814.356934
3996.202227	1.553749	0.018649	3326.154297
3996.203129	1.513330	0.018649	4691.178223
3996.204047	1.472424	0.018649	6042.863770
3996.204928	1.435093	0.018649	7307.180664
3996.205896	1.395443	0.018649	8657.969727
3996.206853	1.358705	0.018649	9958.250000
3996.207750	1.325636	0.018649	11147.345703
3996.208751	1.291406	0.018649	12440.042969
3996.209661	1.208719	0.018649	13539.977539
3996.210587	0.243885	0.018649	13765.815430
3996.211444	0.098408	0.018649	13850.151367
3996.212483	0.098368	0.018649	13952.355469
3996.213354	0.098309	0.018649	14037.982422
3996.214233	0.098405	0.018649	14124.480469
3996.215211	0.098346	0.018649	14220.663086
3996.216147	0.098357	0.018649	14312.725586
3996.217069	0.098339	0.018649	14403.393555
3996.217933	0.098364	0.018649	14488.379883
3996.218970	0.098265	0.018649	14590.281250
3997.244485	1.194913	0.026041	659.592102
3997.245527	1.569459	0.026041	2294.968506
3997.246418	1.544059	0.026041	3670.725098
3997.247355	1.501904	0.026041	5078.009277
3997.248438	1.454601	0.026041	6653.341797
3997.249381	1.415643	0.026041	7988.293457
3997.250243	1.380491	0.026041	9178.276367
3997.251279	1.341222	0.026041	10567.782227
3997.252304	1.304586	0.026041	11904.983398
3997.253196	1.273865	0.026041	13041.270508
3997.254169	0.690271	0.026041	13712.904297
3997.255212	0.100931	0.026041	13818.175781
3997.256140	0.098379	0.026041	13909.471680
3997.257001	0.098500	0.026041	13994.280273
3997.258077	0.098588	0.026041	14100.360352
3997.259071	0.098419	0.026041	14198.189453
3997.259958	0.098419	0.026041	14285.487305
3997.260925	0.098562	0.026041	14380.796875
3997.261979	0.098441	0.026041	14484.553711
3997.262893	0.098467	0.026041	14574.552734
3997.263756	0.098430	0.026041	14659.498047
3998.252486	1.072496	0.018914	465.463379
3998.253363	1.561194	0.018914	1834.630371
3998.254227	1.556664	0.018914	3179.587891
3998.255330	1.510034	0.018914	4845.155762
3998.256210	1.469352	0.018914	6138.185547
3998.257090	1.432460	0.018914	7398.750000
3998.257968	1.395168	0.018914	8623.708008
3998.258998	1.356456	0.018914	10020.858398
3998.259896	1.323358	0.018914	11209.234375
3998.260786	1.292124	0.018914	12359.224609
3998.261785	1.171838	0.018914	13529.890625
3998.262725	0.210260	0.018914	13727.535156
3998.263642	0.098295	0.018914	13817.670898
3998.264504	0.098357	0.018914	13902.454102
3998.265538	0.098302	0.018914	14004.098633
3998.266412	0.098375	0.018914	14090.078125
3998.267290	0.098364	0.018914	14176.442383
3998.268278	0.098401	0.018914	14273.662109
3998.269229	0.098276	0.018914	14367.123047
3998.270131	0.098408	0.018914	14455.887695
3998.271011	0.098383	0.018914	14542.464844
3999.303105	1.071995	0.026544	458.813721
3999.304110	1.562750	0.026544	2029.377686
3999.305168	1.544703	0.026544	3663.673828
3999.306067	1.503582	0.026544	5015.393555
3999.306930	1.463566	0.026544	6278.450684
3999.308033	1.419701	0.026544	7844.380859
3999.309003	1.381011	0.026544	9183.960937
3999.309865	1.347711	0.026544	10345.687500
3999.310949	1.308215	0.026544	11763.792969
3999.311983	1.272693	0.026544	13079.757812
3999.312887	0.715649	0.026544	13726.705078
3999.313820	0.106230	0.026544	13825.818359
3999.314890	0.098467	0.026544	13931.177734
3999.315832	0.098503	0.026544	14023.967773
3999.316699	0.098427	0.026544	14109.303711
3999.317741	0.098617	0.026544	14212.062500
3999.318751	0.098448	0.026544	14311.495117
3999.319643	0.098558	0.026544	14399.409180
3999.320599	0.098551	0.026544	14493.624023
3999.321647	0.098500	0.026544	14596.851562
3999.322582	0.098467	0.026544	14688.917969
4000.307129	1.062854	0.019507	447.461517
4000.308123	1.561406	0.019507	1999.499390
4000.309072	1.548966	0.019507	3469.468262
4000.310000	1.508009	0.019507	4868.900391
4000.310868	1.468572	0.019507	6143.620605
4000.311923	1.425601	0.019507	7647.629395
4000.312804	1.389503	0.019507	8871.781250
4000.313682	1.355768	0.019507	10062.145508
4000.314636	1.320813	0.019507	11322.201172
4000.315606	1.286371	0.019507	12569.980469
4000.316539	1.121173	0.019507	13616.035156
4000.317423	0.187386	0.019507	13781.684570
4000.318454	0.098390	0.019507	13883.125000
4000.319346	0.098335	0.019507	13970.839844
4000.320224	0.098452	0.019507	14057.281250
4000.321084	0.098390	0.019507	14141.896484
4000.322155	0.098361	0.019507	14247.240234
4000.323045	0.098350	0.019507	14334.771484
4000.323924	0.098309	0.019507	14421.185547
4000.324920	0.098383	0.019507	14519.174805
4000.325838	0.098379	0.019507	14609.486328
4001.357382	1.196722	0.027289	662.984192
4001.358423	1.569404	0.027289	2296.734131
4001.359318	1.543469	0.027289	3678.139160
4001.360256	1.501088	0.027289	5086.159180
4001.361327	1.454213	0.027289	6643.621094
4001.362284	1.414900	0.027289	7997.680176
4001.363157	1.379802	0.027289	9202.248047
4001.364215	1.340112	0.027289	10620.086914
4001.365235	1.303447	0.027289	11949.603516
4001.366133	1.272396	0.027289	13092.215820
4001.367093	0.660930	0.027289	13726.708984
4001.368132	0.100569	0.027289	13831.200195
4001.369052	0.098331	0.027289	13921.665039
4001.369915	0.098441	0.027289	14006.620117
4001.370987	0.098573	0.027289	14112.290039
4001.371981	0.098459	0.027289	14210.159180
4001.372862	0.098485	0.027289	14296.924805
4001.373846	0.098551	0.027289	14393.899414
4001.374884	0.098441	0.027289	14496.081055
4001.375792	0.098445	0.027289	14585.468750
4001.376650	0.098437	0.027289	14669.927734
4002.364934	1.132328	0.019752	565.031616
4002.365822	1.565665	0.019752	1955.342407
4002.366689	1.553302	0.019752	3302.055176
4002.367751	1.506878	0.019752	4902.359375
4002.368733	1.463452	0.019752	6339.469238
4002.369616	1.426322	0.019752	7598.911621
4002.370507	1.389100	0.019752	8836.599609
4002.371613	1.348850	0.019752	10328.427734
4002.372503	1.315880	0.019752	11499.560547
4002.373371	1.285345	0.019752	12615.240234
4002.374411	0.954525	0.019752	13607.946289
4002.375377	0.122747	0.019752	13726.519531
4002.376241	0.098386	0.019752	13811.525391
4002.377115	0.098536	0.019752	13897.646484
4002.378220	0.098423	0.019752	14006.403320
4002.379128	0.098287	0.019752	14095.648437
4002.379995	0.098379	0.019752	14180.943359
4002.381032	0.098518	0.019752	14283.106445
4002.382011	0.098342	0.019752	14379.383789
4002.382888	0.098405	0.019752	14465.684570
4002.383748	0.098372	0.019752	14550.284180
4003.410717	1.155623	0.024820	588.211914
4003.411721	1.569250	0.024820	2163.739258
4003.412617	1.546857	0.024820	3549.722900
4003.413593	1.504039	0.024820	5017.665039
4003.414646	1.457303	0.024820	6552.205566
4003.415560	1.419185	0.024820	7849.340332
4003.416419	1.383494	0.024820	9037.761719
4003.417510	1.343544	0.024820	10503.568359
4003.418509	1.306985	0.024820	11809.246094
4003.419392	1.276703	0.024820	12936.574219
4003.420390	0.739907	0.024820	13675.001953
4003.421439	0.102363	0.024820	13782.380859
4003.422330	0.098339	0.024820	13870.000977
4003.423186	0.098496	0.024820	13954.313477
4003.424279	0.098540	0.024820	14062.017578
4003.425262	0.098350	0.024820	14158.695312
4003.426128	0.098481	0.024820	14243.980469
4003.427179	0.098511	0.024820	14347.515625
4003.428230	0.098434	0.024820	14450.969727
4003.429121	0.098412	0.024820	14538.654297
4003.430032	0.098544	0.024820	14628.427734
4004.425414	1.078781	0.018133	469.269531
4004.426277	1.560604	0.018133	1816.070923
4004.427380	1.547600	0.018133	3523.073730
4004.428371	1.502897	0.018133	5012.444336
4004.429267	1.463551	0.018133	6323.786133
4004.430267	1.422396	0.018133	7746.182617
4004.431316	1.380374	0.018133	9194.194336
4004.432222	1.345671	0.018133	10413.373047
4004.433087	1.312804	0.018133	11548.948242
4004.434186	1.276359	0.018133	12951.666016
4004.435159	0.766278	0.018133	13697.254883
4004.436017	0.109266	0.018133	13791.005859
4004.437092	0.098551	0.018133	13896.948242
4004.438121	0.098405	0.018133	13998.206055
4004.438996	0.098452	0.018133	14084.351562
4004.439882	0.098375	0.018133	14171.511719
4004.440972	0.098463	0.018133	14278.836914
4004.441919	0.098437	0.018133	14372.057617
4004.442790	0.098416	0.018133	14457.777344
4004.443810	0.098408	0.018133	14558.153320
4004.444837	0.098383	0.018133	14659.192383
4005.460751	1.142791	0.023478	571.395264
4005.461718	1.568500	0.023478	2088.134277
4005.462592	1.549673	0.023478	3442.548340
4005.463653	1.502465	0.023478	5036.663086
4005.464703	1.456469	0.023478	6565.955078
4005.465594	1.419324	0.023478	7830.572266
4005.466541	1.381534	0.023478	9138.885742
4005.467601	1.341405	0.023478	10560.775391
4005.468545	1.307325	0.023478	11794.890625
4005.469419	1.276703	0.023478	12910.728516
4005.470484	0.681156	0.023478	13636.160156
4005.471495	0.100858	0.023478	13738.127930
4005.472385	0.098427	0.023478	13825.727539
4005.473345	0.098599	0.023478	13920.381836
4005.474384	0.098372	0.023478	14022.589844
4005.475305	0.098331	0.023478	14113.153320
4005.476230	0.098280	0.023478	14204.062500
4005.477113	0.098448	0.023478	14290.992187
4005.478066	0.098437	0.023478	14384.802734
4005.478985	0.098379	0.023478	14475.212891
4005.479879	0.098507	0.023478	14563.278320
4006.486865	1.198619	0.017964	685.610291
4006.487916	1.569547	0.017964	2335.204346
4006.488807	1.542825	0.017964	3709.861328
4006.489747	1.500776	0.017964	5120.591309
4006.490819	1.453945	0.017964	6679.220703
4006.491763	1.414698	0.017964	8014.696289
4006.492624	1.379780	0.017964	9202.687500
4006.493665	1.340412	0.017964	10598.056641
4006.494702	1.303656	0.017964	11949.948242
4006.495587	1.272978	0.017964	13076.534180
4006.496555	0.670338	0.017964	13725.421875
4006.497618	0.100177	0.017964	13831.910156
4006.498533	0.098445	0.017964	13921.987305
4006.499406	0.098441	0.017964	14007.926758
4006.500484	0.098540	0.017964	14114.153320
4006.501473	0.098364	0.017964	14211.435547
4006.502369	0.098430	0.017964	14299.628906
4006.503344	0.098416	0.017964	14395.583984
4006.504397	0.098456	0.017964	14499.257812
4006.505305	0.098412	0.017964	14588.616211
4006.506165	0.098383	0.017964	14673.225586
4007.508676	1.067640	0.025887	459.085327
4007.509547	1.560963	0.025887	1818.684204
4007.510453	1.554196	0.025887	3226.785400
4007.511460	1.510620	0.025887	4747.979980
4007.512357	1.470531	0.025887	6067.046387
4007.513248	1.433529	0.025887	7344.320801
4007.514239	1.393777	0.025887	8725.553711
4007.515177	1.356650	0.025887	9998.091797
4007.516105	1.322930	0.025887	11225.770508
4007.516978	1.291161	0.025887	12352.954102
4007.518028	1.170787	0.025887	13582.281250
4007.518927	0.207451	0.025887	13768.780273
4007.519799	0.098397	0.025887	13854.583008
4007.520796	0.098448	0.025887	13952.736328
4007.521734	0.098383	0.025887	14045.019531
4007.522658	0.098540	0.025887	14136.070312
4007.523514	0.098481	0.025887	14220.370117
4007.524529	0.098331	0.025887	14320.176758
4007.525428	0.098518	0.025887	14408.744141
4007.526302	0.098412	0.025887	14494.755859
4007.527235	0.098507	0.025887	14586.663086
4008.549305	1.073196	0.016191	451.815430
4008.550372	1.566702	0.016191	2123.486084
4008.551372	1.542927	0.016191	3666.413330
4008.552270	1.503366	0.016191	5016.435547
4008.553258	1.459991	0.016191	6458.907227
4008.554317	1.416489	0.016191	7958.969238
4008.555209	1.380278	0.016191	9190.177734
4008.556092	1.345426	0.016191	10378.189453
4008.557194	1.306695	0.016191	11818.167969
4008.558151	1.274132	0.016191	13037.512695
4008.559028	0.799211	0.016191	13738.420898
4008.560077	0.104008	0.016191	13847.524414
4008.561101	0.098379	0.016191	13948.264648
4008.561994	0.098478	0.016191	14036.205078
4008.562934	0.098481	0.016191	14128.777344
4008.563979	0.098408	0.016191	14231.614258
4008.564902	0.098419	0.016191	14322.455078
4008.565762	0.098309	0.016191	14407.000977
4008.566823	0.098507	0.016191	14511.516602
4008.567835	0.098357	0.016191	14611.053711
4008.568716	0.098383	0.016191	14697.728516
4009.557965	1.094744	0.029066	477.308228
4009.558852	1.562860	0.029066	1863.565186
4009.559716	1.553573	0.029066	3205.852295
4009.560842	1.507192	0.029066	4902.951172
4009.561745	1.466624	0.029066	6227.312500
4009.562613	1.429856	0.029066	7468.427734
4009.563670	1.387533	0.029066	8935.049805
4009.564647	1.350062	0.029066	10254.060547
4009.565540	1.317301	0.029066	11430.410156
4009.566402	1.285756	0.029066	12538.731445
4009.567504	0.983441	0.029066	13622.483398
4009.568401	0.137314	0.029066	13745.654297
4009.569261	0.098276	0.029066	13830.171875
4009.570333	0.098588	0.029066	13935.857422
4009.571294	0.098441	0.029066	14030.458984
4009.572164	0.098375	0.029066	14116.045898
4009.573029	0.098489	0.029066	14201.238281
4009.574141	0.098437	0.029066	14310.701172
4009.575049	0.098390	0.029066	14400.039062
4009.575915	0.098547	0.029066	14485.380859
4009.576973	0.098569	0.029066	14589.666992
4010.607156	1.181982	0.017086	639.452454
4010.608089	1.568642	0.017086	2102.995850
4010.608950	1.548922	0.017086	3436.617676
4010.610035	1.501311	0.017086	5065.540039
4010.611047	1.456919	0.017086	6539.941895
4010.611933	1.420148	0.017086	7798.192871
4010.612925	1.380952	0.017086	9168.097656
4010.613987	1.340541	0.017086	10591.751953
4010.614897	1.307545	0.017086	11781.618164
4010.615768	1.276253	0.017086	12893.234375
4010.616856	0.671440	0.017086	13623.761719
4010.617819	0.101356	0.017086	13721.368164
4010.618705	0.098452	0.017086	13808.596680
4010.619701	0.098507	0.017086	13906.709961
4010.620747	0.098437	0.017086	14009.675781
4010.621642	0.098397	0.017086	14097.741211
4010.622516	0.098408	0.017086	14183.750000
4010.623614	0.098485	0.017086	14291.886719
4010.624579	0.098361	0.017086	14386.804687
4010.625442	0.098489	0.017086	14471.800781
4010.626489	0.098485	0.017086	14574.915039
4011.611333	1.076777	0.031781	468.398132
4011.612202	1.560546	0.031781	1824.512207
4011.613278	1.547761	0.031781	3489.903320
4011.614288	1.503065	0.031781	5007.999023
4011.615189	1.463166	0.031781	6326.312012
4011.616168	1.422887	0.031781	7719.318359
4011.617216	1.381102	0.031781	9166.713867
4011.618121	1.346140	0.031781	10384.970703
4011.618983	1.313745	0.031781	11517.418945
4011.620072	1.277285	0.031781	12908.382812
4011.621082	0.740691	0.031781	13656.480469
4011.621964	0.107322	0.031781	13751.138672
4011.622980	0.098470	0.031781	13851.184570
4011.624007	0.098643	0.031781	13952.490234
4011.624883	0.098514	0.031781	14038.789062
4011.625758	0.098463	0.031781	14124.944336
4011.626844	0.098350	0.031781	14231.751953
4011.627816	0.098507	0.031781	14327.500977
4011.628685	0.098470	0.031781	14413.072266
4011.629692	0.098610	0.031781	14512.372070
4011.630735	0.098602	0.031781	14615.213867
4012.663225	1.063158	0.017851	448.652649
4012.664188	1.564922	0.017851	1955.672363
4012.665117	1.551035	0.017851	3396.583984
4012.665999	1.512147	0.017851	4730.297852
4012.667002	1.468689	0.017851	6203.392578
4012.667932	1.428208	0.017851	7531.625977
4012.668850	1.391418	0.017851	8808.948242
4012.669727	1.357225	0.017851	9999.234375
4012.670681	1.322626	0.017851	11261.019531
4012.671606	1.289561	0.017851	12453.863281
4012.672500	1.227052	0.017851	13550.847656
4012.673445	0.267290	0.017851	13803.436523
4012.674431	0.098419	0.017851	13900.477539
4012.675361	0.098518	0.017851	13992.099609
4012.676226	0.098555	0.017851	14077.349609
4012.677267	0.098412	0.017851	14179.795898
4012.678153	0.098364	0.017851	14266.946289
4012.679070	0.098386	0.017851	14357.166016
4012.679934	0.098459	0.017851	14442.235352
4012.680896	0.098368	0.017851	14536.865234
4012.681841	0.098397	0.017851	14629.850586
4013.669431	1.188450	0.031990	651.270447
4013.670502	1.568800	0.031990	2331.455322
4013.671378	1.542949	0.031990	3683.078857
4013.672267	1.501813	0.031990	5018.190430
4013.673371	1.454597	0.031990	6624.065430
4013.674329	1.415200	0.031990	7979.827148
4013.675202	1.380256	0.031990	9184.791016
4013.676237	1.341156	0.031990	10572.887695
4013.677271	1.304139	0.031990	11921.368164
4013.678164	1.273140	0.031990	13058.282227
4013.679130	0.691362	0.031990	13726.138672
4013.680193	0.100529	0.031990	13833.000977
4013.681130	0.098485	0.031990	13925.281250
4013.681995	0.098503	0.031990	14010.486328
4013.683065	0.098489	0.031990	14115.869141
4013.684059	0.098610	0.031990	14213.886719
4013.684949	0.098416	0.031990	14301.476562
4013.685937	0.098503	0.031990	14398.797852
4013.686980	0.098492	0.031990	14501.525391
4013.687884	0.098500	0.031990	14590.569336
4013.688746	0.098500	0.031990	14675.476562
4014.715318	1.073207	0.017210	450.746857
4014.716388	1.566921	0.017210	2127.352783
4014.717392	1.542546	0.017210	3676.069336
4014.718292	1.502992	0.017210	5028.762207
4014.719289	1.459211	0.017210	6483.596191
4014.720344	1.415764	0.017210	7977.227539
4014.721239	1.379626	0.017210	9211.993164
4014.722115	1.344983	0.017210	10390.198242
4014.723226	1.306238	0.017210	11841.428711
4014.724185	1.273293	0.017210	13062.517578
4014.725058	0.780579	0.017210	13743.962891
4014.726094	0.103839	0.017210	13851.540039
4014.727116	0.098533	0.017210	13952.240234
4014.728004	0.098577	0.017210	14039.776367
4014.728937	0.098536	0.017210	14131.710937
4014.729995	0.098353	0.017210	14235.768555
4014.730938	0.098434	0.017210	14328.591797
4014.731803	0.098551	0.017210	14413.838867
4014.732858	0.098544	0.017210	14517.802734
4014.733878	0.098423	0.017210	14618.194336
4014.734762	0.098390	0.017210	14705.170898
4015.729446	1.161401	0.030278	599.283142
4015.730471	1.569082	0.030278	2207.592285
4015.731355	1.546000	0.030278	3574.255859
4015.732345	1.502457	0.030278	5061.688477
4015.733404	1.455656	0.030278	6603.227539
4015.734324	1.417181	0.030278	7907.034180
4015.735184	1.381692	0.030278	9095.289062
4015.736281	1.341533	0.030278	10566.951172
4015.737281	1.305099	0.030278	11872.049805
4015.738159	1.274583	0.030278	12991.132812
4015.739166	0.673107	0.030278	13668.951172
4015.740224	0.100770	0.030278	13775.566406
4015.741117	0.098481	0.030278	13863.510742
4015.741985	0.098478	0.030278	13948.989258
4015.743084	0.098569	0.030278	14057.317383
4015.744051	0.098489	0.030278	14152.555664
4015.744922	0.098437	0.030278	14238.294922
4015.745932	0.098580	0.030278	14337.861328
4015.746973	0.098412	0.030278	14440.307617
4015.747866	0.098478	0.030278	14528.248047
4015.748782	0.098503	0.030278	14618.477539
4016.766236	1.151664	0.015660	587.348511
4016.767234	1.568928	0.015660	2153.138916
4016.768115	1.547490	0.015660	3516.477783
4016.769127	1.503043	0.015660	5037.557617
4016.770189	1.456531	0.015660	6584.393066
4016.771076	1.419100	0.015660	7843.134766
4016.771974	1.381871	0.015660	9084.054687
4016.773055	1.341951	0.015660	10534.703125
4016.774018	1.307263	0.015660	11793.597656
4016.774892	1.276893	0.015660	12909.602539
4016.775925	0.713998	0.015660	13647.162109
4016.776949	0.101620	0.015660	13751.220703
4016.777846	0.098485	0.015660	13839.561523
4016.778790	0.098507	0.015660	13932.551758
4016.779856	0.098456	0.015660	14037.505859
4016.780791	0.098470	0.015660	14129.576172
4016.781654	0.098412	0.015660	14214.505859
4016.782721	0.098522	0.015660	14319.628906
4016.783729	0.098302	0.015660	14418.717773
4016.784620	0.098350	0.015660	14506.347656
4016.785592	0.098540	0.015660	14602.128906
4017.790203	1.132628	0.027503	541.396301
4017.791087	1.564578	0.027503	1924.482910
4017.792057	1.550050	0.027503	3428.031250
4017.793116	1.503018	0.027503	5019.726562
4017.794057	1.461460	0.027503	6394.960449
4017.794918	1.424476	0.027503	7621.434570
4017.795992	1.382615	0.027503	9106.363281
4017.796995	1.344335	0.027503	10454.730469
4017.797871	1.312189	0.027503	11604.208008
4017.798854	1.278534	0.027503	12861.006836
4017.799909	0.735681	0.027503	13637.150391
4017.800820	0.105242	0.027503	13733.025391
4017.801687	0.098551	0.027503	13818.468750
4017.802779	0.098657	0.027503	13926.202148
4017.803776	0.098485	0.027503	14024.391602
4017.804669	0.098386	0.027503	14112.250977
4017.805661	0.098566	0.027503	14210.028320
4017.806715	0.098507	0.027503	14313.854492
4017.807609	0.098459	0.027503	14401.876953
4017.808477	0.098555	0.027503	14487.422852
4017.809582	0.098723	0.027503	14596.511719
4018.815540	1.172758	0.015643	643.843933
4018.816603	1.569012	0.015643	2311.704102
4018.817499	1.542550	0.015643	3693.828857
4018.818371	1.501469	0.015643	5003.109375
4018.819500	1.453616	0.015643	6644.241699
4018.820464	1.414292	0.015643	8007.619141
4018.821338	1.379213	0.015643	9213.050781
4018.822383	1.340043	0.015643	10613.395508
4018.823412	1.302957	0.015643	11954.137695
4018.824307	1.272019	0.015643	13092.594727
4018.825273	0.656202	0.015643	13726.486328
4018.826333	0.100012	0.015643	13832.499023
4018.827268	0.098408	0.015643	13924.510742
4018.828129	0.098456	0.015643	14009.281250
4018.829177	0.098452	0.015643	14112.458984
4018.830178	0.098434	0.015643	14210.991211
4018.831063	0.098496	0.015643	14298.160156
4018.832050	0.098452	0.015643	14395.332031
4018.833098	0.098456	0.015643	14498.513672
4018.834006	0.098342	0.015643	14587.808594
4018.834864	0.098423	0.015643	14672.255859
4019.850704	1.094520	0.025493	484.872498
4019.851578	1.561523	0.025493	1849.644043
4019.852600	1.549501	0.025493	3433.233887
4019.853565	1.505900	0.025493	4886.427246
4019.854489	1.465400	0.025493	6240.457031
4019.855373	1.427205	0.025493	7502.105957
4019.856477	1.384871	0.025493	9031.002930
4019.857386	1.349729	0.025493	10257.906250
4019.858257	1.317792	0.025493	11405.703125
4019.859287	1.281812	0.025493	12725.968750
4019.860260	0.968965	0.025493	13668.771484
4019.861143	0.131093	0.025493	13784.526367
4019.862002	0.098456	0.025493	13869.099609
4019.863099	0.098459	0.025493	13977.109375
4019.863987	0.098485	0.025493	14064.564453
4019.864857	0.098459	0.025493	14150.224609
4019.865859	0.098690	0.025493	14249.112305
4019.866856	0.098383	0.025493	14347.200195
4019.867744	0.098463	0.025493	14434.635742
4019.868602	0.098368	0.025493	14519.035156
4019.869660	0.098639	0.025493	14623.395508
4020.866318	1.136704	0.017517	577.445679
4020.867210	1.566522	0.017517	1974.783569
4020.868079	1.550614	0.017517	3322.267090
4020.869189	1.503267	0.017517	4990.893066
4020.870177	1.460164	0.017517	6433.534668
4020.871048	1.423707	0.017517	7673.583984
4020.872093	1.381600	0.017517	9117.356445
4020.873132	1.342650	0.017517	10512.370117
4020.874027	1.310021	0.017517	11684.838867
4020.874959	1.277651	0.017517	12875.609375
4020.876031	0.699587	0.017517	13625.567383
4020.876981	0.102616	0.017517	13723.052734
4020.877847	0.098361	0.017517	13808.233398
4020.878909	0.098558	0.017517	13912.902344
4020.879926	0.098379	0.017517	14012.954102
4020.880820	0.098390	0.017517	14100.915039
4020.881775	0.098503	0.017517	14194.985352
4020.882826	0.098397	0.017517	14298.400391
4020.883746	0.098350	0.017517	14388.881836
4020.884607	0.098306	0.017517	14473.523437
4020.885679	0.098540	0.017517	14579.158203
4021.909292	1.138586	0.025714	614.836670
4021.910233	1.568437	0.025714	2090.736328
4021.911154	1.546791	0.025714	3515.330566
4021.912046	1.507064	0.025714	4859.631836
4021.913065	1.462317	0.025714	6349.732910
4021.913969	1.424604	0.025714	7637.575195
4021.914849	1.389082	0.025714	8859.967773
4021.915787	1.353413	0.025714	10129.468750
4021.916780	1.317067	0.025714	11437.315430
4021.917709	1.284646	0.025714	12630.751953
4021.918576	1.138905	0.025714	13618.182617
4021.919631	0.154585	0.025714	13781.269531
4021.920509	0.098397	0.025714	13867.662109
4021.921376	0.098562	0.025714	13953.115234
4021.922243	0.098459	0.025714	14038.479492
4021.923303	0.098544	0.025714	14142.935547
4021.924200	0.098437	0.025714	14231.234375
4021.925082	0.098492	0.025714	14318.104492
4021.926073	0.098661	0.025714	14415.876953
4021.927016	0.098401	0.025714	14508.668945
4021.927941	0.098459	0.025714	14599.744141
4022.918157	1.105950	0.019845	562.928345
4022.919214	1.567863	0.019845	2220.159180
4022.920149	1.542942	0.019845	3662.810059
4022.921012	1.503816	0.019845	4960.603027
4022.922072	1.457882	0.019845	6505.958008
4022.923093	1.415391	0.019845	7951.071777
4022.923975	1.380103	0.019845	9168.322266
4022.924937	1.343873	0.019845	10461.127930
4022.925997	1.305494	0.019845	11844.952148
4022.926914	1.273748	0.019845	13012.978516
4022.927788	0.786471	0.019845	13700.354492
4022.928853	0.103077	0.019845	13810.131836
4022.929847	0.098452	0.019845	13907.993164
4022.930742	0.098394	0.019845	13996.055664
4022.931716	0.098511	0.019845	14092.004883
4022.932773	0.098372	0.019845	14195.983398
4022.933682	0.098357	0.019845	14285.389648
4022.934545	0.098342	0.019845	14370.258789
4022.935642	0.098536	0.019845	14478.353516
4022.936604	0.098401	0.019845	14573.015625
4022.937488	0.098368	0.019845	14659.972656
4023.966423	1.108195	0.025630	497.579376
4023.967310	1.562926	0.025630	1883.894775
4023.968174	1.553295	0.025630	3225.941406
4023.969287	1.506757	0.025630	4902.961426
4023.970195	1.465704	0.025630	6233.820801
4023.971075	1.429131	0.025630	7491.456055
4023.972082	1.389207	0.025630	8890.386719
4023.973088	1.350172	0.025630	10248.660156
4023.973975	1.317349	0.025630	11417.148437
4023.974842	1.285708	0.025630	12531.857422
4023.975957	0.942865	0.025630	13583.152344
4023.976884	0.125768	0.025630	13699.739258
4023.977763	0.098269	0.025630	13786.118164
4023.978738	0.098558	0.025630	13882.212891
4023.979738	0.098416	0.025630	13980.628906
4023.980630	0.098514	0.025630	14068.503906
4023.981494	0.098456	0.025630	14153.569336
4023.982578	0.098595	0.025630	14260.446289
4023.983486	0.098492	0.025630	14349.876953
4023.984370	0.098500	0.025630	14436.951172
4023.985367	0.098624	0.025630	14535.279297
4024.972320	1.166506	0.019329	611.249329
4024.973258	1.567914	0.019329	2081.952637
4024.974132	1.549230	0.019329	3435.979492
4024.975207	1.501999	0.019329	5050.628906
4024.976225	1.456981	0.019329	6533.835937
4024.977120	1.419917	0.019329	7804.661621
4024.978080	1.382018	0.019329	9131.398437
4024.979135	1.341940	0.019329	10547.144531
4024.980066	1.308047	0.019329	11764.936523
4024.980932	1.277289	0.019329	12871.068359
4024.982014	0.707109	0.019329	13636.160156
4024.983003	0.101821	0.019329	13736.861328
4024.983878	0.098485	0.019329	13823.036133
4024.984878	0.098562	0.019329	13921.597656
4024.985914	0.098416	0.019329	14023.555664
4024.986815	0.098368	0.019329	14112.185547
4024.987675	0.098394	0.019329	14196.803711
4024.988763	0.098511	0.019329	14303.983398
4024.989712	0.098361	0.019329	14397.327148
4024.990593	0.098474	0.019329	14484.083008
4024.991587	0.098503	0.019329	14581.995117
4026.023614	1.069585	0.025622	455.643188
4026.024574	1.560015	0.025622	1953.257202
4026.025642	1.545018	0.025622	3603.336914
4026.026560	1.503475	0.025622	4983.527344
4026.027434	1.463815	0.025622	6262.901367
4026.028508	1.419730	0.025622	7787.691406
4026.029513	1.379542	0.025622	9174.130859
4026.030413	1.345814	0.025622	10385.363281
4026.031408	1.310105	0.025622	11688.917969
4026.032469	1.273297	0.025622	13039.885742
4026.033389	0.727742	0.025622	13709.408203
4026.034254	0.107021	0.025622	13801.981445
4026.035367	0.098569	0.025622	13911.689453
4026.036336	0.098397	0.025622	14007.036133
4026.037202	0.098408	0.025622	14092.257812
4026.038265	0.098690	0.025622	14197.165039
4026.039293	0.098558	0.025622	14298.483398
4026.040187	0.098577	0.025622	14386.611328
4026.041103	0.098624	0.025622	14476.951172
4026.042163	0.098646	0.025622	14581.516602
4026.043109	0.098529	0.025622	14674.724609
4027.028014	1.163621	0.018415	627.191528
4027.029079	1.568540	0.018415	2297.686523
4027.029984	1.542198	0.018415	3693.375977
4027.030853	1.500916	0.018415	4997.671875
4027.031976	1.454030	0.018415	6630.546875
4027.032941	1.414376	0.018415	7995.419922
4027.033811	1.379564	0.018415	9195.640625
4027.034856	1.340317	0.018415	10596.272461
4027.035889	1.303176	0.018415	11942.453125
4027.036788	1.272089	0.018415	13086.060547
4027.037740	0.673781	0.018415	13727.500000
4027.038781	0.100573	0.018415	13832.196289
4027.039720	0.098412	0.018415	13924.605469
4027.040584	0.098544	0.018415	14009.747070
4027.041640	0.098584	0.018415	14113.851562
4027.042658	0.098405	0.018415	14214.027344
4027.043539	0.098397	0.018415	14300.714844
4027.044512	0.098485	0.018415	14396.541016
4027.045550	0.098503	0.018415	14498.787109
4027.046474	0.098430	0.018415	14589.736328
4027.047332	0.098518	0.018415	14674.264648
4028.078625	1.158882	0.026629	595.665222
4028.079579	1.568254	0.026629	2091.779785
4028.080448	1.548951	0.026629	3437.818359
4028.081516	1.501989	0.026629	5041.942383
4028.082525	1.457413	0.026629	6512.472656
4028.083419	1.420334	0.026629	7782.251953
4028.084406	1.381754	0.026629	9146.042969
4028.085465	1.341072	0.026629	10566.238281
4028.086393	1.307402	0.026629	11779.507812
4028.087257	1.276534	0.026629	12882.433594
4028.088343	0.692563	0.026629	13634.557617
4028.089346	0.101147	0.026629	13736.008789
4028.090220	0.098489	0.026629	13822.087891
4028.091211	0.098544	0.026629	13919.745117
4028.092261	0.098416	0.026629	14023.081055
4028.093162	0.098430	0.026629	14111.766602
4028.094029	0.098485	0.026629	14197.153320
4028.095116	0.098613	0.026629	14304.345703
4028.096075	0.098434	0.026629	14398.744141
4028.096962	0.098511	0.026629	14486.123047
4028.097956	0.098507	0.026629	14584.039062
4029.083845	1.077667	0.017593	464.474579
4029.084717	1.560747	0.017593	1825.446045
4029.085743	1.549497	0.017593	3415.229980
4029.086656	1.509207	0.017593	4793.135742
4029.087538	1.469817	0.017593	6089.514160
4029.088515	1.429717	0.017593	7486.347656
4029.089486	1.389807	0.017593	8835.850586
4029.090411	1.354416	0.017593	10088.685547
4029.091279	1.322153	0.017593	11236.314453
4029.092320	1.286378	0.017593	12575.433594
4029.093201	1.165594	0.017593	13602.322266
4029.094079	0.212959	0.017593	13789.299805
4029.095011	0.098514	0.017593	13881.115234
4029.096016	0.098394	0.017593	13980.000977
4029.096923	0.098507	0.017593	14069.346680
4029.097813	0.098481	0.017593	14156.995117
4029.098799	0.098408	0.017593	14254.025391
4029.099716	0.098342	0.017593	14344.205078
4029.100639	0.098525	0.017593	14435.143555
4029.101505	0.098441	0.017593	14520.393555
4029.102548	0.098408	0.017593	14623.033203
4030.134341	1.166704	0.024876	656.854431
4030.135391	1.568756	0.024876	2304.048340
4030.136294	1.542034	0.024876	3696.504883
4030.137160	1.501399	0.024876	4996.716309
4030.138274	1.454355	0.024876	6616.868164
4030.139244	1.414523	0.024876	7988.955078
4030.140109	1.379637	0.024876	9182.341797
4030.141183	1.339384	0.024876	10620.839844
4030.142208	1.302839	0.024876	11956.250000
4030.143105	1.271752	0.024876	13097.011719
4030.144052	0.664424	0.024876	13726.220703
4030.145130	0.100221	0.024876	13834.258789
4030.146076	0.098514	0.024876	13927.453125
4030.146935	0.098569	0.024876	14012.124023
4030.147970	0.098617	0.024876	14114.192383
4030.148994	0.098437	0.024876	14214.992187
4030.149880	0.098514	0.024876	14302.276367
4030.150837	0.098624	0.024876	14396.660156
4030.151882	0.098492	0.024876	14499.584961
4030.152807	0.098547	0.024876	14590.741211
4030.153671	0.098456	0.024876	14675.806641
4031.139820	1.103624	0.016840	519.807007
4031.140718	1.563651	0.016840	1923.965698
4031.141691	1.549816	0.016840	3431.936279
4031.142643	1.507405	0.016840	4866.985352
4031.143552	1.466349	0.016840	6199.896484
4031.144434	1.429351	0.016840	7460.583984
4031.145455	1.388727	0.016840	8878.474609
4031.146357	1.353783	0.016840	10099.586914
4031.147233	1.321600	0.016840	11257.308594
4031.148173	1.288744	0.016840	12468.727539
4031.149162	1.151239	0.016840	13607.302734
4031.150093	0.173796	0.016840	13769.107422
4031.150975	0.098276	0.016840	13855.787109
4031.151983	0.098500	0.016840	13955.075195
4031.152888	0.098456	0.016840	14044.177734
4031.153811	0.098394	0.016840	14134.995117
4031.154667	0.098397	0.016840	14219.222656
4031.155706	0.098364	0.016840	14321.422852
4031.156580	0.098364	0.016840	14407.393555
4031.157457	0.098379	0.016840	14493.671875
4031.158430	0.098441	0.016840	14589.455078
4032.189627	1.063978	0.023918	453.254700
4032.190596	1.559674	0.023918	1964.578857
4032.191664	1.544605	0.023918	3614.216553
4032.192597	1.502710	0.023918	5016.245117
4032.193461	1.463339	0.023918	6280.569824
4032.194520	1.419910	0.023918	7784.253906
4032.195532	1.379257	0.023918	9180.061523
4032.196425	1.345686	0.023918	10381.758789
4032.197400	1.310511	0.023918	11659.507812
4032.198458	1.274070	0.023918	13007.473633
4032.199385	0.750527	0.023918	13703.212891
4032.200249	0.108281	0.023918	13796.767578
4032.201338	0.098613	0.023918	13904.157227
4032.202327	0.098547	0.023918	14001.620117
4032.203225	0.098496	0.023918	14090.069336
4032.204210	0.098584	0.023918	14187.174805
4032.205276	0.098416	0.023918	14292.085937
4032.206166	0.098485	0.023918	14379.737305
4032.207028	0.098643	0.023918	14464.767578
4032.208125	0.098661	0.023918	14572.999023
4032.209080	0.098500	0.023918	14667.066406
4033.195500	1.125721	0.017855	523.460449
4033.196379	1.563292	0.017855	1897.594238
4033.197253	1.553990	0.017855	3255.781738
4033.198265	1.510690	0.017855	4784.599609
4033.199175	1.468451	0.017855	6120.889648
4033.200094	1.430350	0.017855	7435.381836
4033.200974	1.393810	0.017855	8661.934570
4033.202022	1.354534	0.017855	10081.486328
4033.202920	1.321318	0.017855	11268.030273
4033.203808	1.290132	0.017855	12413.666992
4033.204783	1.158340	0.017855	13543.048828
4033.205748	0.189521	0.017855	13725.937500
4033.206625	0.098364	0.017855	13812.203125
4033.207563	0.098584	0.017855	13904.674805
4033.208608	0.098463	0.017855	14007.568359
4033.209487	0.098525	0.017855	14094.171875
4033.210361	0.098405	0.017855	14180.177734
4033.211284	0.098547	0.017855	14271.136719
4033.212274	0.098383	0.017855	14368.535156
4033.213164	0.098445	0.017855	14456.151367
4033.214046	0.098434	0.017855	14542.969727
4034.243001	1.062389	0.024224	448.328156
4034.243983	1.561794	0.024224	1982.010254
4034.245033	1.544648	0.024224	3603.891113
4034.245933	1.504061	0.024224	4957.546387
4034.246804	1.463445	0.024224	6232.207031
4034.247914	1.419012	0.024224	7807.310547
4034.248884	1.380677	0.024224	9146.567383
4034.249755	1.347389	0.024224	10320.142578
4034.250820	1.308695	0.024224	11713.902344
4034.251862	1.272942	0.024224	13040.307617
4034.252774	0.736249	0.024224	13711.766602
4034.253723	0.107527	0.024224	13813.809570
4034.254766	0.098452	0.024224	13916.495117
4034.255704	0.098328	0.024224	14008.726562
4034.256565	0.098339	0.024224	14093.396484
4034.257635	0.098485	0.024224	14198.775391
4034.258647	0.098306	0.024224	14298.260742
4034.259532	0.098390	0.024224	14385.335937
4034.260526	0.098478	0.024224	14483.222656
4034.261571	0.098463	0.024224	14586.116211
4034.262477	0.098397	0.024224	14675.263672
4035.252675	1.073434	0.017762	463.723389
4035.253539	1.559971	0.017762	1811.538086
4035.254597	1.548413	0.017762	3449.759033
4035.255564	1.505819	0.017762	4905.886230
4035.256444	1.466627	0.017762	6196.518066
4035.257393	1.427479	0.017762	7551.195801
4035.258448	1.384929	0.017762	9012.295898
4035.259350	1.350264	0.017762	10230.233398
4035.260217	1.318107	0.017762	11373.032227
4035.261278	1.281676	0.017762	12732.890625
4035.262222	0.987393	0.017762	13664.989258
4035.263101	0.138234	0.017762	13786.497070
4035.264054	0.098328	0.017762	13880.203125
4035.265084	0.098390	0.017762	13981.544922
4035.265972	0.098405	0.017762	14068.927734
4035.266836	0.098390	0.017762	14153.936523
4035.267859	0.098405	0.017762	14254.604492
4035.268816	0.098254	0.017762	14348.633789
4035.269699	0.098306	0.017762	14435.437500
4035.270608	0.098427	0.017762	14524.907227
4035.271666	0.098287	0.017762	14628.895508
4036.295365	1.069534	0.025086	464.177643
4036.296232	1.560304	0.025086	1816.961060
4036.297270	1.549014	0.025086	3424.837158
4036.298309	1.503710	0.025086	4987.191406
4036.299206	1.463456	0.025086	6299.911133
4036.300140	1.424722	0.025086	7630.601074
4036.301204	1.382054	0.025086	9101.107422
4036.302149	1.346118	0.025086	10373.189453
4036.303017	1.314064	0.025086	11513.796875
4036.304080	1.277706	0.025086	12871.999023
4036.305103	0.762063	0.025086	13651.589844
4036.305984	0.108336	0.025086	13747.034180
4036.306973	0.098430	0.025086	13844.381836
4036.308026	0.098555	0.025086	13948.160156
4036.308932	0.098276	0.025086	14037.198242
4036.309790	0.098335	0.025086	14121.569336
4036.310854	0.098441	0.025086	14226.310547
4036.311853	0.098324	0.025086	14324.536133
4036.312748	0.098265	0.025086	14412.483398
4036.313724	0.098339	0.025086	14508.461914
4036.314770	0.098298	0.025086	14611.282227
4037.312193	1.075631	0.017803	463.596985
4037.313059	1.559963	0.017803	1814.525146
4037.314166	1.546344	0.017803	3526.328125
4037.315161	1.501750	0.017803	5020.569824
4037.316061	1.462244	0.017803	6336.588867
4037.317045	1.421719	0.017803	7735.560059
4037.318105	1.379868	0.017803	9198.220703
4037.319003	1.345177	0.017803	10406.189453
4037.319892	1.311837	0.017803	11572.412109
4037.320983	1.275231	0.017803	12963.688477
4037.321938	0.765124	0.017803	13694.382812
4037.322799	0.109417	0.017803	13788.590820
4037.323836	0.098445	0.017803	13890.677734
4037.324854	0.098265	0.017803	13990.711914
4037.325739	0.098394	0.017803	14077.790039
4037.326673	0.098324	0.017803	14169.625000
4037.327721	0.098328	0.017803	14272.671875
4037.328668	0.098328	0.017803	14365.788086
4037.329530	0.098372	0.017803	14450.583984
4037.330560	0.098434	0.017803	14551.970703
4037.331588	0.098265	0.017803	14652.987305
4038.345944	1.097670	0.026858	470.900299
4038.347014	1.563182	0.026858	2143.505371
4038.348058	1.540485	0.026858	3751.771484
4038.348944	1.499941	0.026858	5080.719727
4038.349862	1.459530	0.026858	6420.568359
4038.350931	1.415343	0.026858	7933.569824
4038.351884	1.377689	0.026858	9246.507812
4038.352750	1.344518	0.026858	10410.860352
4038.353805	1.306944	0.026858	11789.686523
4038.354841	1.271331	0.026858	13106.785156
4038.355729	0.710878	0.026858	13738.044922
4038.356691	0.105897	0.026858	13839.917969
4038.357741	0.098423	0.026858	13943.261719
4038.358669	0.098405	0.026858	14034.581055
4038.359536	0.098445	0.026858	14119.932617
4038.360597	0.098419	0.026858	14224.355469
4038.361598	0.098390	0.026858	14322.843750
4038.362492	0.098361	0.026858	14410.778320
4038.363463	0.098478	0.026858	14506.400391
4038.364504	0.098405	0.026858	14608.839844
4038.365416	0.098394	0.026858	14698.575195
