time (s)	coil I (A)	last det (V)	int current (uC)
7751.775772	1.136147	0.464257	555.576050
7751.776660	1.570019	0.464257	1949.753296
7751.777525	1.559147	0.464257	3298.415283
7751.778480	1.516871	0.464257	4747.027344
7751.779421	1.473779	0.464257	6133.853516
7751.780349	1.434862	0.464257	7465.405273
7751.781232	1.096337	0.464257	8433.470703
7751.782214	0.134019	0.464257	8565.077148
7751.783147	0.097903	0.464257	8656.420898
7751.784012	0.098027	0.464257	8741.214844
7751.784983	0.097958	0.464257	8836.332031
7751.785902	0.098002	0.464257	8926.395508
7751.786827	0.098013	0.464257	9017.057617
7751.787688	0.098035	0.464257	9101.465820
7751.788659	0.098005	0.464257	9196.628906
7751.789582	0.098027	0.464257	9287.108398
7751.790472	0.097998	0.464257	9374.326172
7752.742940	1.153883	0.516581	585.018738
7752.743944	1.574110	0.516581	2165.425293
7752.744840	1.552734	0.516581	3556.675293
7752.745812	1.509485	0.516581	5023.894531
7752.746876	1.461716	0.516581	6579.160645
7752.747792	1.423099	0.516581	7882.719727
7752.748664	0.738735	0.516581	8526.896484
7752.749779	0.100166	0.516581	8638.582031
7752.750731	0.097994	0.516581	8731.873047
7752.751614	0.098071	0.516581	8818.469727
7752.752635	0.098174	0.516581	8918.705078
7752.753676	0.098016	0.516581	9020.740234
7752.754556	0.098123	0.516581	9107.087891
7752.755436	0.098097	0.516581	9193.413086
7752.756529	0.098159	0.516581	9300.701172
7752.757487	0.097994	0.516581	9394.580078
7752.758348	0.098075	0.516581	9479.022461
7753.831883	1.086350	0.494526	471.475922
7753.832746	1.564856	0.494526	1821.946655
7753.833803	1.555393	0.494526	3465.997070
7753.834686	1.516194	0.494526	4804.795898
7753.835560	1.476229	0.494526	6095.020508
7753.836550	1.435056	0.494526	7515.726074
7753.837478	1.022889	0.494526	8464.967773
7753.838410	0.125292	0.494526	8581.739258
7753.839285	0.098049	0.494526	8667.532227
7753.840295	0.098097	0.494526	8766.610352
7753.841185	0.097943	0.494526	8853.779297
7753.842059	0.098137	0.494526	8939.550781
7753.842975	0.098104	0.494526	9029.414062
7753.843981	0.097980	0.494526	9127.981445
7753.844871	0.098093	0.494526	9215.284180
7753.845728	0.098016	0.494526	9299.284180
7753.846819	0.098145	0.494526	9406.359375
7754.800149	1.141692	0.504975	581.121155
7754.801028	1.570547	0.504975	1961.631836
7754.801916	1.556909	0.504975	3344.167236
7754.803008	1.510001	0.504975	4993.088379
7754.803965	1.467074	0.504975	6397.078125
7754.804829	1.430145	0.504975	7632.723633
7754.805872	0.781183	0.504975	8447.497070
7754.806903	0.102155	0.504975	8552.818359
7754.807776	0.097969	0.504975	8638.344727
7754.808684	0.098024	0.504975	8727.350586
7754.809752	0.098035	0.504975	8832.051758
7754.810692	0.097980	0.504975	8924.152344
7754.811562	0.097950	0.504975	9009.369141
7754.812577	0.098097	0.504975	9108.937500
7754.813610	0.098101	0.504975	9210.275391
7754.814502	0.097954	0.504975	9297.650391
7754.815455	0.098064	0.504975	9391.105469
7755.886592	1.124469	0.522607	554.363220
7755.887485	1.570287	0.522607	1956.629395
7755.888351	1.557411	0.522607	3305.347168
7755.889458	1.510371	0.522607	4977.328125
7755.890427	1.466869	0.522607	6398.724121
7755.891294	1.430149	0.522607	7638.663086
7755.892310	0.807561	0.522607	8459.144531
7755.893371	0.102814	0.522607	8568.229492
7755.894252	0.097950	0.522607	8654.523437
7755.895134	0.098013	0.522607	8740.970703
7755.896219	0.098145	0.522607	8847.457031
7755.897174	0.097965	0.522607	8941.013672
7755.898035	0.097899	0.522607	9025.304687
7755.899071	0.098005	0.522607	9126.837891
7755.900115	0.097958	0.522607	9229.105469
7755.901006	0.098068	0.522607	9316.483398
7755.901931	0.098016	0.522607	9407.148437
7756.855839	1.158464	0.502969	590.816833
7756.856833	1.573788	0.502969	2155.161865
7756.857725	1.553101	0.502969	3540.527588
7756.858705	1.510049	0.502969	5020.375488
7756.859761	1.462621	0.502969	6564.903320
7756.860664	1.424198	0.502969	7850.954102
7756.861527	0.795780	0.502969	8537.711914
7756.862603	0.102063	0.502969	8647.531250
7756.863603	0.098068	0.502969	8745.598633
7756.864478	0.097998	0.502969	8831.346680
7756.865450	0.098148	0.502969	8926.747070
7756.866530	0.098035	0.502969	9032.625000
7756.867410	0.098005	0.502969	9118.870117
7756.868278	0.098057	0.502969	9203.983398
7756.869371	0.098119	0.502969	9311.227539
7756.870351	0.097917	0.502969	9407.186523
7756.871217	0.098093	0.502969	9492.135742
7757.941690	1.065300	0.537230	452.752594
7757.942751	1.570386	0.537230	2118.931885
7757.943698	1.552101	0.537230	3588.771484
7757.944567	1.512832	0.537230	4903.422363
7757.945501	1.470432	0.537230	6276.806152
7757.946562	1.426154	0.537230	7789.955078
7757.947465	0.822990	0.537230	8533.114258
7757.948330	0.110325	0.537230	8628.544922
7757.949358	0.098071	0.537230	8729.362305
7757.950319	0.097987	0.537230	8823.528320
7757.951193	0.098075	0.537230	8909.246094
7757.952096	0.098112	0.537230	8997.840820
7757.953166	0.097976	0.537230	9102.674805
7757.954045	0.098005	0.537230	9188.821289
7757.954908	0.098053	0.537230	9273.441406
7757.955960	0.098108	0.537230	9376.651367
7757.956915	0.097954	0.537230	9470.197266
7758.912448	1.061261	0.515046	449.974701
7758.913416	1.569280	0.515046	1969.037598
7758.914310	1.557762	0.515046	3361.677246
7758.915188	1.519076	0.515046	4695.425781
7758.916187	1.474695	0.515046	6168.645996
7758.917107	1.434602	0.515046	7488.479980
7758.918017	1.097611	0.515046	8487.305664
7758.918901	0.149315	0.515046	8619.300781
7758.919914	0.097896	0.515046	8718.468750
7758.920810	0.098002	0.515046	8806.278320
7758.921720	0.097980	0.515046	8895.439453
7758.922590	0.098024	0.515046	8980.719727
7758.923584	0.097961	0.515046	9078.093750
7758.924505	0.098024	0.515046	9168.374023
7758.925368	0.098134	0.515046	9253.063477
7758.926409	0.097903	0.515046	9354.980469
7758.927293	0.098031	0.515046	9441.639648
7759.996411	1.128300	0.532311	547.225281
7759.997288	1.568895	0.532311	1923.146484
7759.998256	1.556140	0.532311	3429.490234
7759.999321	1.508624	0.532311	5036.174805
7760.000259	1.466583	0.532311	6411.830078
7760.001119	1.429490	0.532311	7641.191406
7760.002161	0.765853	0.532311	8439.210937
7760.003182	0.101360	0.532311	8542.699219
7760.004066	0.097987	0.532311	8629.319336
7760.005020	0.098071	0.532311	8722.878906
7760.006060	0.098038	0.532311	8824.838867
7760.006984	0.098115	0.532311	8915.497070
7760.007843	0.098093	0.532311	8999.758789
7760.008917	0.097991	0.532311	9105.000977
7760.009896	0.097961	0.532311	9200.905273
7760.010786	0.098046	0.532311	9288.166016
7760.011755	0.098097	0.532311	9383.221680
7760.967611	1.060583	0.530204	446.505646
7760.968654	1.569624	0.530204	2083.623535
7760.969689	1.549296	0.530204	3687.144531
7760.970563	1.509254	0.530204	5006.232422
7760.971509	1.466832	0.530204	6393.855469
7760.972562	1.422422	0.530204	7891.665527
7760.973498	0.664633	0.530204	8513.761719
7760.974361	0.103506	0.530204	8603.086914
7760.975438	0.098101	0.530204	8708.741211
7760.976436	0.098013	0.530204	8806.557617
7760.977322	0.097983	0.530204	8893.371094
7760.978302	0.098130	0.530204	8989.538086
7760.979359	0.098108	0.530204	9093.238281
7760.980273	0.097983	0.530204	9182.794922
7760.981136	0.098174	0.530204	9267.518555
7760.982219	0.098020	0.530204	9373.673828
7760.983202	0.097983	0.530204	9469.991211
7762.050492	1.061711	0.529262	448.042236
7762.051457	1.564567	0.529262	1957.848999
7762.052514	1.551057	0.529262	3597.316406
7762.053443	1.509342	0.529262	4999.495117
7762.054308	1.469396	0.529262	6270.522461
7762.055397	1.424414	0.529262	7821.709473
7762.056385	0.650405	0.529262	8464.309570
7762.057275	0.102404	0.529262	8555.449219
7762.058264	0.097980	0.529262	8652.351562
7762.059298	0.097994	0.529262	8753.677734
7762.060196	0.097925	0.529262	8841.614258
7762.061056	0.098068	0.529262	8925.952148
7762.062140	0.098086	0.529262	9032.277344
7762.063131	0.097844	0.529262	9129.241211
7762.064012	0.097991	0.529262	9215.571289
7762.065016	0.098005	0.529262	9313.968750
7762.066066	0.098123	0.529262	9416.997070
7763.025401	1.098259	0.538986	538.147034
7763.026406	1.572612	0.538986	2118.622314
7763.027326	1.552511	0.538986	3546.932373
7763.028191	1.511320	0.538986	4854.223633
7763.029309	1.464543	0.538986	6491.583008
7763.030185	1.426655	0.538986	7741.333008
7763.031063	0.891061	0.538986	8523.684570
7763.031936	0.116177	0.538986	8625.106445
7763.032997	0.097983	0.538986	8729.066406
7763.033889	0.098016	0.538986	8816.497070
7763.034764	0.098112	0.538986	8902.344727
7763.035764	0.098101	0.538986	9000.445312
7763.036691	0.098060	0.538986	9091.347656
7763.037568	0.097961	0.538986	9177.259766
7763.038566	0.098177	0.538986	9275.241211
7763.039565	0.098060	0.538986	9373.203125
7763.040442	0.097991	0.538986	9459.140625
7764.101129	1.106341	0.533931	557.596130
7764.102194	1.573224	0.533931	2233.079590
7764.103140	1.548032	0.533931	3697.518066
7764.104017	1.507811	0.533931	5019.868652
7764.105080	1.460881	0.533931	6572.785645
7764.106102	1.418280	0.533931	8022.267578
7764.106998	0.568641	0.533931	8531.770508
7764.107977	0.101100	0.533931	8630.747070
7764.109031	0.098016	0.533931	8734.056641
7764.109952	0.098027	0.533931	8824.339844
7764.110815	0.098101	0.533931	8909.000977
7764.111878	0.098035	0.533931	9013.211914
7764.112858	0.097932	0.533931	9109.185547
7764.113753	0.098016	0.533931	9196.910156
7764.114741	0.098093	0.533931	9293.826172
7764.115784	0.098005	0.533931	9396.045898
7764.116679	0.097954	0.533931	9483.714844
7765.080506	1.063140	0.564755	448.644958
7765.081541	1.570027	0.564755	2073.622803
7765.082577	1.548794	0.564755	3678.173340
7765.083472	1.508379	0.564755	5028.172363
7765.084434	1.465942	0.564755	6438.409180
7765.085498	1.420708	0.564755	7950.042480
7765.086442	0.592932	0.564755	8509.770508
7765.087305	0.101635	0.564755	8597.481445
7765.088378	0.098082	0.564755	8702.723633
7765.089372	0.097969	0.564755	8800.104492
7765.090267	0.097866	0.564755	8887.694336
7765.091235	0.097991	0.564755	8982.549805
7765.092281	0.097917	0.564755	9084.971680
7765.093187	0.097972	0.564755	9173.734375
7765.094046	0.097991	0.564755	9257.908203
7765.095119	0.098016	0.564755	9363.080078
7765.096105	0.097980	0.564755	9459.688477
7766.155303	1.161002	0.540098	600.238098
7766.156244	1.572715	0.540098	2080.162842
7766.157111	1.555258	0.540098	3428.571289
7766.158172	1.508295	0.540098	5028.872070
7766.159183	1.463302	0.540098	6508.270508
7766.160072	1.425842	0.540098	7775.844238
7766.161060	0.746924	0.540098	8513.804687
7766.162096	0.101008	0.540098	8618.449219
7766.163006	0.098086	0.540098	8707.707031
7766.163862	0.098104	0.540098	8791.684570
7766.164907	0.098108	0.540098	8894.207031
7766.165917	0.098027	0.540098	8993.214844
7766.166804	0.098009	0.540098	9080.148437
7766.167773	0.098031	0.540098	9175.140625
7766.168833	0.098079	0.540098	9279.103516
7766.169752	0.098064	0.540098	9369.224609
7766.170619	0.098002	0.540098	9454.192383
7767.136710	1.075855	0.588035	466.920868
7767.137582	1.564702	0.588035	1831.341187
7767.138585	1.557136	0.588035	3393.148926
7767.139524	1.515048	0.588035	4815.778320
7767.140444	1.473311	0.588035	6171.224121
7767.141314	1.435591	0.588035	7420.187988
7767.142347	0.980684	0.588035	8433.234375
7767.143246	0.122878	0.588035	8543.702148
7767.144121	0.097928	0.588035	8629.389648
7767.145068	0.098016	0.588035	8722.210937
7767.146033	0.098053	0.588035	8816.832031
7767.146952	0.098016	0.588035	8906.909180
7767.147819	0.098002	0.588035	8991.876953
7767.148913	0.098049	0.588035	9099.142578
7767.149816	0.098064	0.588035	9187.694336
7767.150690	0.097921	0.588035	9273.277344
7767.151563	0.098064	0.588035	9358.886719
7768.207352	1.104027	0.549355	537.661194
7768.208421	1.572836	0.549355	2219.022461
7768.209360	1.548512	0.549355	3673.075195
7768.210237	1.508928	0.549355	4996.405273
7768.211279	1.462299	0.549355	6520.120117
7768.212313	1.419525	0.549355	7987.909180
7768.213209	0.611082	0.549355	8535.438477
7768.214157	0.102096	0.549355	8632.225586
7768.215207	0.098112	0.549355	8735.243164
7768.216138	0.097976	0.549355	8826.458984
7768.217005	0.098046	0.549355	8911.464844
7768.218074	0.098027	0.549355	9016.255859
7768.219066	0.097987	0.549355	9113.458984
7768.219957	0.097994	0.549355	9200.772461
7768.220934	0.098181	0.549355	9296.695312
7768.221965	0.097969	0.549355	9397.701172
7768.222870	0.097925	0.549355	9486.323242
7769.194013	1.117701	0.602013	581.204712
7769.195078	1.572656	0.602013	2256.083496
7769.196007	1.547900	0.602013	3694.083008
7769.196868	1.508236	0.602013	4992.674316
7769.197920	1.461617	0.602013	6530.295898
7769.198941	1.419001	0.602013	7979.096680
7769.199832	0.616121	0.602013	8528.060547
7769.200798	0.101895	0.602013	8626.490234
7769.201849	0.098104	0.602013	8729.597656
7769.202761	0.098057	0.602013	8819.025391
7769.203625	0.098009	0.602013	8903.705078
7769.204716	0.098177	0.602013	9010.816406
7769.205711	0.098002	0.602013	9108.328125
7769.206604	0.098130	0.602013	9195.958008
7769.207581	0.098115	0.602013	9291.816406
7769.208629	0.098038	0.602013	9394.560547
7769.209531	0.097947	0.602013	9482.908203
7770.258905	1.110894	0.557835	494.347656
7770.259788	1.567320	0.557835	1878.291626
7770.260786	1.555236	0.557835	3430.416748
7770.261853	1.508372	0.557835	5039.849121
7770.262759	1.467023	0.557835	6368.971680
7770.263626	1.428728	0.557835	7607.678711
7770.264727	0.717975	0.557835	8398.168945
7770.265696	0.101393	0.557835	8496.418945
7770.266563	0.098024	0.557835	8581.405273
7770.267617	0.098060	0.557835	8684.760742
7770.268653	0.098027	0.557835	8786.317383
7770.269537	0.097954	0.557835	8872.909180
7770.270455	0.098060	0.557835	8962.928711
7770.271502	0.098115	0.557835	9065.655273
7770.272449	0.098053	0.557835	9158.511719
7770.273310	0.097969	0.557835	9242.863281
7770.274349	0.098101	0.557835	9344.790039
7771.251127	1.080912	0.617486	456.144775
7771.252182	1.572825	0.617486	2115.474854
7771.253081	1.553225	0.617486	3511.824219
7771.253961	1.514403	0.617486	4844.499023
7771.254979	1.469268	0.617486	6340.213379
7771.255898	1.429186	0.617486	7653.635254
7771.256833	0.922687	0.617486	8516.347656
7771.257695	0.119304	0.617486	8619.187500
7771.258737	0.097906	0.617486	8721.206055
7771.259616	0.098016	0.617486	8807.362305
7771.260481	0.098046	0.617486	8892.171875
7771.261453	0.098053	0.617486	8987.479492
7771.262401	0.098020	0.617486	9080.402344
7771.263315	0.098053	0.617486	9170.022461
7771.264192	0.098079	0.617486	9256.037109
7771.265223	0.098057	0.617486	9357.133789
7771.266106	0.097881	0.617486	9443.562500
7772.313025	1.069486	0.560360	455.601044
7772.314039	1.568892	0.560360	2046.457031
7772.315082	1.549581	0.560360	3662.670410
7772.315981	1.508474	0.560360	5018.788574
7772.316890	1.467275	0.560360	6352.541992
7772.317955	1.422967	0.560360	7868.002441
7772.318904	0.675062	0.560360	8508.636719
7772.319768	0.103722	0.560360	8598.252930
7772.320805	0.098079	0.560360	8699.960937
7772.321834	0.097991	0.560360	8800.792969
7772.322717	0.098005	0.560360	8887.332031
7772.323654	0.098049	0.560360	8979.204102
7772.324715	0.098093	0.560360	9083.281250
7772.325647	0.098013	0.560360	9174.628906
7772.326505	0.098013	0.560360	9258.723633
7772.327539	0.098020	0.560360	9360.076172
7772.328562	0.097965	0.560360	9460.294922
7773.306303	1.063974	0.634759	453.253143
7773.307326	1.568434	0.634759	2057.760742
7773.308361	1.549332	0.634759	3661.319580
7773.309249	1.509009	0.634759	5001.319336
7773.310193	1.466642	0.634759	6385.829102
7773.311255	1.422294	0.634759	7896.305176
7773.312202	0.655104	0.634759	8516.688477
7773.313057	0.102905	0.634759	8604.672852
7773.314089	0.098075	0.634759	8705.885742
7773.315104	0.097998	0.634759	8805.353516
7773.315991	0.098002	0.634759	8892.281250
7773.316942	0.098156	0.634759	8985.626953
7773.318008	0.098093	0.634759	9090.194336
7773.318938	0.097991	0.634759	9181.326172
7773.319804	0.098042	0.634759	9266.230469
7773.320868	0.097994	0.634759	9370.496094
7773.321864	0.098002	0.634759	9468.105469
7774.366138	1.058481	0.562024	445.620636
7774.367153	1.567983	0.562024	2037.123779
7774.368208	1.549530	0.562024	3671.877930
7774.369081	1.509261	0.562024	4989.463379
7774.369975	1.467535	0.562024	6301.439941
7774.371084	1.422286	0.562024	7878.755371
7774.372049	0.633223	0.562024	8489.815430
7774.372911	0.102517	0.562024	8578.185547
7774.373941	0.098086	0.562024	8679.213867
7774.374968	0.098053	0.562024	8779.914062
7774.375857	0.098112	0.562024	8867.134766
7774.376798	0.098060	0.562024	8959.409180
7774.377853	0.098123	0.562024	9062.928711
7774.378789	0.098046	0.562024	9154.699219
7774.379650	0.098057	0.562024	9239.125977
7774.380710	0.098236	0.562024	9343.255859
7774.381707	0.098053	0.562024	9441.014648
7775.361521	1.118503	0.649165	533.526062
7775.362398	1.568383	0.649165	1908.997559
7775.363338	1.556733	0.649165	3372.326904
7775.364392	1.509921	0.649165	4963.783203
7775.365339	1.467275	0.649165	6353.292969
7775.366210	1.430237	0.649165	7599.029297
7775.367264	0.788218	0.649165	8429.810547
7775.368273	0.102213	0.649165	8532.943359
7775.369163	0.097987	0.649165	8620.151367
7775.370129	0.097994	0.649165	8714.813477
7775.371170	0.098009	0.649165	8816.840820
7775.372086	0.098060	0.649165	8906.664062
7775.372945	0.097994	0.649165	8990.840820
7775.374014	0.098002	0.649165	9095.604492
7775.375013	0.098068	0.649165	9193.574219
7775.375888	0.098024	0.649165	9279.344727
7775.376867	0.098035	0.649165	9375.320312
7776.420917	1.135342	0.557029	622.167297
7776.421853	1.573129	0.557029	2094.615723
7776.422766	1.552599	0.557029	3512.138672
7776.423651	1.513118	0.557029	4851.248047
7776.424671	1.467631	0.557029	6348.231445
7776.425577	1.429127	0.557029	7643.020508
7776.426460	0.975817	0.557029	8504.666992
7776.427374	0.125123	0.557029	8619.029297
7776.428365	0.098049	0.557029	8716.196289
7776.429284	0.097998	0.557029	8806.256836
7776.430149	0.098057	0.557029	8891.076172
7776.431149	0.097932	0.557029	8989.007812
7776.432060	0.097994	0.557029	9078.280273
7776.432983	0.097976	0.557029	9168.711914
7776.433843	0.097998	0.557029	9252.990234
7776.434857	0.098090	0.557029	9352.453125
7776.435755	0.097954	0.557029	9440.416016
7777.415108	1.070464	0.660762	463.510864
7777.415978	1.564501	0.660762	1824.626587
7777.417032	1.553720	0.660762	3462.247070
7777.418055	1.508317	0.660762	5005.254883
7777.418955	1.467777	0.660762	6326.253906
7777.419919	1.427688	0.660762	7702.544922
7777.420979	0.684467	0.660762	8428.079102
7777.421905	0.101613	0.660762	8522.171875
7777.422769	0.098104	0.660762	8606.933594
7777.423839	0.098112	0.660762	8711.913086
7777.424838	0.097888	0.660762	8809.703125
7777.425721	0.098013	0.660762	8896.248047
7777.426712	0.097983	0.660762	8993.349609
7777.427749	0.097969	0.660762	9094.943359
7777.428649	0.097917	0.660762	9183.069336
7777.429508	0.098038	0.660762	9267.284180
7777.430597	0.098145	0.660762	9374.164062
7778.474948	1.066406	0.549399	461.753906
7778.475811	1.564285	0.549399	1811.731567
7778.476842	1.555316	0.549399	3415.262451
7778.477874	1.509815	0.549399	4973.391113
7778.478761	1.469509	0.549399	6276.845703
7778.479698	1.430409	0.549399	7617.138672
7778.480765	0.757079	0.549399	8424.941406
7778.481694	0.103722	0.549399	8521.298828
7778.482555	0.097969	0.549399	8605.650391
7778.483613	0.098005	0.549399	8709.339844
7778.484631	0.098005	0.549399	8809.109375
7778.485509	0.097980	0.549399	8895.135742
7778.486453	0.098126	0.549399	8987.766602
7778.487504	0.098002	0.549399	9090.766602
7778.488430	0.098027	0.549399	9181.540039
7778.489300	0.098119	0.549399	9266.903320
7778.490359	0.098024	0.549399	9370.709961
7779.471819	1.088687	0.660545	472.489990
7779.472689	1.564622	0.660545	1833.710693
7779.473811	1.550702	0.660545	3573.598145
7779.474783	1.507610	0.660545	5038.995117
7779.475656	1.468217	0.660545	6320.748047
7779.476700	1.424158	0.660545	7807.568848
7779.477745	0.603446	0.660545	8438.169922
7779.478636	0.100767	0.660545	8527.953125
7779.479564	0.098060	0.660545	8618.953125
7779.480635	0.098027	0.660545	8723.940430
7779.481585	0.098009	0.660545	8817.048828
7779.482448	0.098130	0.660545	8901.735352
7779.483478	0.098156	0.660545	9002.835937
7779.484493	0.097943	0.660545	9102.248047
7779.485384	0.098053	0.660545	9189.613281
7779.486326	0.098199	0.660545	9282.117187
7779.487370	0.098101	0.660545	9384.534180
7780.528573	1.066600	0.559966	455.438324
7780.529439	1.564054	0.559966	1809.909058
7780.530504	1.553983	0.559966	3464.900879
7780.531454	1.511993	0.559966	4901.294922
7780.532340	1.471428	0.559966	6204.980469
7780.533270	1.432522	0.559966	7537.225586
7780.534315	0.866810	0.559966	8443.041992
7780.535193	0.113002	0.559966	8542.257812
7780.536054	0.097939	0.559966	8626.583984
7780.537103	0.098031	0.559966	8729.418945
7780.538050	0.098013	0.559966	8822.237305
7780.538912	0.098016	0.559966	8906.727539
7780.539792	0.098068	0.559966	8993.027344
7780.540886	0.097965	0.559966	9100.201172
7780.541791	0.098082	0.559966	9188.965820
7780.542652	0.097994	0.559966	9273.338867
7780.543685	0.097994	0.559966	9374.567383
7781.526593	1.179130	0.652605	641.446533
7781.527623	1.573465	0.652605	2262.115967
7781.528508	1.549512	0.652605	3633.433838
7781.529461	1.506595	0.652605	5069.219238
7781.530542	1.458739	0.652605	6646.116211
7781.531452	1.420151	0.652605	7938.454102
7781.532331	0.681812	0.652605	8537.766602
7781.533373	0.100404	0.652605	8642.387695
7781.534380	0.097928	0.652605	8741.001953
7781.535269	0.097998	0.652605	8828.122070
7781.536184	0.097991	0.652605	8917.783203
7781.537050	0.098086	0.652605	9002.725586
7781.538052	0.097914	0.652605	9100.834961
7781.538979	0.097961	0.652605	9191.645508
7781.539843	0.098046	0.652605	9276.357422
7781.540862	0.097906	0.652605	9376.124023
7781.541742	0.098079	0.652605	9462.433594
7782.581702	1.071716	0.565464	460.838013
7782.582663	1.564208	0.565464	1964.041626
7782.583720	1.550581	0.565464	3603.005859
7782.584658	1.508500	0.565464	5017.978516
7782.585519	1.468850	0.565464	6282.658203
7782.586575	1.425341	0.565464	7787.817871
7782.587597	0.659041	0.565464	8461.357422
7782.588468	0.102609	0.565464	8550.729492
7782.589439	0.098046	0.565464	8645.931641
7782.590486	0.098057	0.565464	8748.596680
7782.591401	0.098038	0.565464	8838.301758
7782.592267	0.098005	0.565464	8923.174805
7782.593342	0.098053	0.565464	9028.582031
7782.594335	0.097976	0.565464	9125.872070
7782.595224	0.098042	0.565464	9213.031250
7782.596197	0.098137	0.565464	9308.518555
7782.597237	0.097994	0.565464	9410.432617
7783.580207	1.166873	0.663195	614.941833
7783.581153	1.572440	0.663195	2102.470215
7783.582016	1.553969	0.663195	3443.544922
7783.583053	1.507511	0.663195	5006.833984
7783.584090	1.461661	0.663195	6522.577148
7783.584985	1.424297	0.663195	7797.322754
7783.585944	0.741500	0.663195	8508.421875
7783.586995	0.100576	0.663195	8614.126953
7783.587916	0.097976	0.663195	8704.363281
7783.588780	0.097917	0.663195	8788.963867
7783.589847	0.098115	0.663195	8893.652344
7783.590856	0.097969	0.663195	8992.502930
7783.591747	0.098060	0.663195	9079.875000
7783.592726	0.098068	0.663195	9175.882812
7783.593784	0.097947	0.663195	9279.510742
7783.594693	0.097939	0.663195	9368.538086
7783.595551	0.098002	0.663195	9452.624023
7784.637406	1.108909	0.547337	507.880157
7784.638290	1.567262	0.547337	1893.339722
7784.639272	1.555606	0.547337	3420.944336
7784.640326	1.509060	0.547337	5011.493652
7784.641236	1.467689	0.547337	6347.090820
7784.642101	1.429885	0.547337	7583.941406
7784.643189	0.772771	0.547337	8424.715820
7784.644186	0.101906	0.547337	8526.315430
7784.645063	0.097874	0.547337	8612.150391
7784.646053	0.098082	0.547337	8709.251953
7784.647106	0.097936	0.547337	8812.377930
7784.648000	0.098016	0.547337	8900.004883
7784.648865	0.098013	0.547337	8984.786133
7784.649967	0.098020	0.547337	9092.804687
7784.650933	0.097954	0.547337	9187.428711
7784.651799	0.097998	0.547337	9272.294922
7784.652831	0.098090	0.547337	9373.523437
7785.634256	1.085760	0.656480	475.563080
7785.635130	1.565823	0.656480	1844.092285
7785.635995	1.560465	0.656480	3193.894531
7785.637037	1.516410	0.656480	4773.993652
7785.637923	1.475332	0.656480	6081.137695
7785.638794	1.437942	0.656480	7333.584961
7785.639655	1.153660	0.656480	8326.885742
7785.640718	0.141954	0.656480	8477.783203
7785.641592	0.097899	0.656480	8563.346680
7785.642469	0.098027	0.656480	8649.316406
7785.643452	0.098046	0.656480	8745.695312
7785.644379	0.098005	0.656480	8836.545898
7785.645302	0.098005	0.656480	8927.004883
7785.646165	0.097983	0.656480	9011.564453
7785.647201	0.097888	0.656480	9112.976562
7785.648092	0.097954	0.656480	9200.253906
7785.648966	0.097987	0.656480	9285.894531
7786.691014	1.076843	0.543566	466.273132
7786.691880	1.564105	0.543566	1820.788086
7786.692968	1.552668	0.543566	3510.091309
7786.693974	1.507547	0.543566	5026.684082
7786.694863	1.467722	0.543566	6331.489258
7786.695880	1.425586	0.543566	7781.310059
7786.696939	0.635746	0.543566	8454.564453
7786.697820	0.101334	0.543566	8543.839844
7786.698691	0.097925	0.543566	8629.132812
7786.699793	0.097921	0.543566	8737.041992
7786.700758	0.097969	0.543566	8831.582031
7786.701615	0.097928	0.543566	8915.506836
7786.702626	0.098038	0.543566	9014.624023
7786.703667	0.097896	0.543566	9116.533203
7786.704552	0.097976	0.543566	9203.242187
7786.705460	0.098027	0.543566	9292.250977
7786.706520	0.098013	0.543566	9396.144531
7787.689009	1.162434	0.648045	631.201721
7787.690067	1.573037	0.648045	2295.475098
7787.690979	1.547161	0.648045	3706.485596
7787.691846	1.506537	0.648045	5012.653320
7787.692948	1.458929	0.648045	6620.393555
7787.693916	1.418390	0.648045	7993.395020
7787.694809	0.611202	0.648045	8539.199219
7787.695821	0.100664	0.648045	8641.071289
7787.696861	0.097998	0.648045	8742.989258
7787.697749	0.097991	0.648045	8830.004883
7787.698631	0.098130	0.648045	8916.555664
7787.699707	0.098071	0.648045	9022.080078
7787.700670	0.098060	0.648045	9116.511719
7787.701532	0.097980	0.648045	9200.970703
7787.702563	0.098042	0.648045	9302.051758
7787.703593	0.098104	0.648045	9403.099609
7787.704472	0.098075	0.648045	9489.307617
7788.744130	1.071255	0.552940	459.568329
7788.744996	1.563728	0.552940	1813.756836
7788.746072	1.552965	0.552940	3484.747070
7788.747068	1.508518	0.552940	4987.230957
7788.747961	1.468561	0.552940	6298.655762
7788.748949	1.427391	0.552940	7708.918457
7788.750010	0.686063	0.552940	8436.832031
7788.750904	0.102100	0.552940	8528.109375
7788.751766	0.097965	0.552940	8612.555664
7788.752866	0.098137	0.552940	8720.506836
7788.753837	0.098002	0.552940	8815.666016
7788.754706	0.098016	0.552940	8900.841797
7788.755797	0.098005	0.552940	9007.765625
7788.756822	0.097939	0.552940	9108.153320
7788.757707	0.097954	0.552940	9194.842773
7788.758630	0.098042	0.552940	9285.335937
7788.759688	0.098068	0.552940	9389.091797
7789.742008	1.071072	0.645604	450.921204
7789.743094	1.570693	0.645604	2156.694092
7789.744003	1.551207	0.645604	3566.741699
7789.744875	1.512045	0.645604	4885.244629
7789.745850	1.468707	0.645604	6317.234375
7789.746869	1.425377	0.645604	7769.693848
7789.747765	0.850331	0.645604	8531.589844
7789.748631	0.111698	0.645604	8628.320312
7789.749704	0.097998	0.645604	8733.472656
7789.750638	0.097954	0.645604	8824.961914
7789.751518	0.098024	0.645604	8911.222656
7789.752474	0.098097	0.645604	9005.002930
7789.753476	0.097998	0.645604	9103.197266
7789.754364	0.098016	0.645604	9190.235352
7789.755229	0.097976	0.645604	9274.984375
7789.756276	0.098071	0.645604	9377.665039
7789.757205	0.097896	0.645604	9468.610352
7790.799360	1.104038	0.523038	546.498840
7790.800355	1.572598	0.523038	2111.233398
7790.801289	1.551530	0.523038	3560.361816
7790.802158	1.512568	0.523038	4874.783691
7790.803192	1.466986	0.523038	6391.647461
7790.804081	1.428973	0.523038	7662.004883
7790.804951	0.968774	0.523038	8504.838867
7790.805843	0.123728	0.523038	8615.204102
7790.806877	0.097925	0.523038	8716.458008
7790.807772	0.097863	0.523038	8804.044922
7790.808646	0.097994	0.523038	8889.692383
7790.809629	0.098009	0.523038	8986.035156
7790.810563	0.097965	0.523038	9077.534180
7790.811480	0.098016	0.523038	9167.415039
7790.812346	0.097983	0.523038	9252.268555
7790.813379	0.098049	0.523038	9353.553711
7790.814258	0.097888	0.523038	9439.597656
7791.796704	1.108414	0.644210	510.979004
7791.797577	1.566940	0.644210	1878.917358
7791.798580	1.555104	0.644210	3438.686279
7791.799631	1.508353	0.644210	5023.965820
7791.800528	1.467173	0.644210	6340.020020
7791.801400	1.429120	0.644210	7586.212402
7791.802490	0.755142	0.644210	8409.316406
7791.803483	0.101396	0.644210	8510.002930
7791.804374	0.098079	0.644210	8597.390625
7791.805357	0.098053	0.644210	8693.776367
7791.806398	0.098075	0.644210	8795.872070
7791.807290	0.098002	0.644210	8883.290039
7791.808154	0.098068	0.644210	8968.020508
7791.809253	0.097965	0.644210	9075.684570
7791.810221	0.097885	0.644210	9170.436523
7791.811089	0.098071	0.644210	9255.562500
7791.812133	0.098243	0.644210	9358.128906
7792.852490	1.134122	0.529431	568.195251
7792.853445	1.572151	0.529431	2069.599365
7792.854316	1.555129	0.529431	3424.117187
7792.855356	1.508767	0.529431	4993.234863
7792.856406	1.462123	0.529431	6528.463867
7792.857302	1.424293	0.529431	7804.630371
7792.858242	0.762488	0.529431	8521.369141
7792.859310	0.100759	0.529431	8628.980469
7792.860248	0.098042	0.529431	8720.944336
7792.861117	0.098057	0.529431	8806.155273
7792.862156	0.098104	0.529431	8908.085937
7792.863176	0.098024	0.529431	9008.070312
7792.864071	0.098016	0.529431	9095.794922
7792.865023	0.098170	0.529431	9189.252930
7792.866083	0.098009	0.529431	9293.142578
7792.867000	0.097994	0.529431	9383.003906
7792.867860	0.097994	0.529431	9467.279297
7793.849817	1.102830	0.624483	501.787445
7793.850698	1.566852	0.624483	1882.183838
7793.851564	1.558499	0.624483	3231.843750
7793.852668	1.511257	0.624483	4900.271973
7793.853605	1.469007	0.624483	6276.731934
7793.854487	1.431984	0.624483	7539.741211
7793.855482	0.914081	0.624483	8449.251953
7793.856476	0.107977	0.624483	8556.581055
7793.857359	0.097844	0.624483	8642.977539
7793.858345	0.098016	0.624483	8739.622070
7793.859398	0.097841	0.624483	8842.648437
7793.860300	0.097928	0.624483	8930.979492
7793.861157	0.097939	0.624483	9014.914062
7793.862218	0.098005	0.624483	9118.897461
7793.863217	0.097954	0.624483	9216.753906
7793.864093	0.097947	0.624483	9302.555664
7793.865069	0.098097	0.624483	9398.297852
7794.908093	1.064033	0.521572	447.957947
7794.909046	1.563849	0.521572	1938.305908
7794.910011	1.554448	0.521572	3438.348633
7794.910925	1.514077	0.521572	4822.215332
7794.911806	1.473735	0.521572	6120.576172
7794.912834	1.431258	0.521572	7591.909668
7794.913736	1.008842	0.521572	8501.884766
7794.914608	0.128269	0.521572	8613.735352
7794.915516	0.097998	0.521572	8702.717773
7794.916546	0.097994	0.521572	8803.652344
7794.917461	0.097837	0.521572	8893.172852
7794.918323	0.098013	0.521572	8977.660156
7794.919322	0.098038	0.521572	9075.600586
7794.920222	0.097976	0.521572	9163.779297
7794.921137	0.098049	0.521572	9253.494141
7794.922013	0.098020	0.521572	9339.359375
7794.923029	0.097965	0.521572	9438.891602
7795.903934	1.066699	0.598005	455.480591
7795.904941	1.566390	0.598005	2032.835693
7795.906006	1.548611	0.598005	3682.106201
7795.906890	1.507972	0.598005	5015.153809
7795.907762	1.467224	0.598005	6294.573242
7795.908858	1.422587	0.598005	7853.728516
7795.909834	0.655562	0.598005	8493.556641
7795.910698	0.102795	0.598005	8582.372070
7795.911751	0.098181	0.598005	8685.756836
7795.912794	0.097910	0.598005	8787.876953
7795.913665	0.097994	0.598005	8873.230469
7795.914590	0.098057	0.598005	8963.932617
7795.915647	0.098053	0.598005	9067.574219
7795.916589	0.097899	0.598005	9159.794922
7795.917455	0.097976	0.598005	9244.642578
7795.918479	0.097921	0.598005	9344.914062
7795.919510	0.098060	0.598005	9446.014648
7796.962313	1.135111	0.507755	568.690674
7796.963235	1.571206	0.507755	2017.342651
7796.964099	1.556191	0.507755	3361.892090
7796.965168	1.509324	0.507755	4975.359375
7796.966174	1.464170	0.507755	6448.314453
7796.967066	1.426820	0.507755	7721.038086
7796.968050	0.772859	0.507755	8481.531250
7796.969089	0.101975	0.507755	8587.483398
7796.969999	0.098016	0.507755	8676.678711
7796.970864	0.098035	0.507755	8761.478516
7796.971940	0.098163	0.507755	8867.101562
7796.972937	0.097976	0.507755	8964.784180
7796.973812	0.098009	0.507755	9050.541992
7796.974802	0.098027	0.507755	9147.588867
7796.975856	0.098057	0.507755	9250.940430
7796.976750	0.098020	0.507755	9338.570312
7796.977609	0.098053	0.507755	9422.797852
7797.955624	1.162947	0.576401	604.732361
7797.956544	1.571891	0.576401	2050.871826
7797.957410	1.554214	0.576401	3396.821045
7797.958500	1.507170	0.576401	5039.636719
7797.959495	1.462452	0.576401	6494.776855
7797.960377	1.425392	0.576401	7751.972656
7797.961383	0.716309	0.576401	8472.579102
7797.962434	0.100624	0.576401	8578.334961
7797.963325	0.097983	0.576401	8665.637695
7797.964181	0.097925	0.576401	8749.460937
7797.965305	0.098016	0.576401	8859.630859
7797.966271	0.097950	0.576401	8954.250977
7797.967129	0.097994	0.576401	9038.330078
7797.968174	0.098060	0.576401	9140.802734
7797.969232	0.097980	0.576401	9244.464844
7797.970108	0.098009	0.576401	9330.320312
7797.971033	0.098031	0.576401	9420.999023
7799.017405	1.062726	0.502667	449.533020
7799.018411	1.566870	0.502667	2025.804443
7799.019409	1.550944	0.502667	3573.645996
7799.020299	1.511257	0.502667	4918.665039
7799.021161	1.470531	0.502667	6186.262695
7799.022260	1.426578	0.502667	7754.072266
7799.023159	0.842479	0.502667	8511.460937
7799.024035	0.110944	0.502667	8608.647461
7799.025011	0.098046	0.502667	8704.339844
7799.026008	0.097925	0.502667	8801.970703
7799.026893	0.097936	0.502667	8888.643555
7799.027757	0.097983	0.502667	8973.300781
7799.028859	0.098002	0.502667	9081.298828
7799.029780	0.097961	0.502667	9171.521484
7799.030656	0.097998	0.502667	9257.368164
7799.031635	0.098060	0.502667	9353.369141
7799.032625	0.098035	0.502667	9450.423828
7800.007129	1.084460	0.559873	490.176147
7800.008017	1.566756	0.559873	1881.455933
7800.008967	1.557392	0.559873	3360.978760
7800.009908	1.515601	0.559873	4787.159180
7800.010787	1.474999	0.559873	6083.683105
7800.011676	1.435613	0.559873	7359.942871
7800.012707	1.018524	0.559873	8410.041016
7800.013651	0.123289	0.559873	8526.425781
7800.014525	0.097914	0.559873	8612.002930
7800.015574	0.098075	0.559873	8714.883789
7800.016486	0.097877	0.559873	8804.147461
7800.017399	0.098020	0.559873	8893.639648
7800.018272	0.098016	0.559873	8979.208008
7800.019314	0.098016	0.559873	9081.340820
7800.020259	0.097910	0.559873	9173.866211
7800.021154	0.097991	0.559873	9261.568359
7800.022151	0.098152	0.559873	9359.425781
7801.071179	1.203962	0.491839	680.238708
7801.072220	1.573612	0.491839	2318.368896
7801.073107	1.547959	0.491839	3691.408447
7801.074020	1.506431	0.491839	5066.779785
7801.075091	1.459087	0.491839	6629.461914
7801.076041	1.419723	0.491839	7978.198730
7801.076909	0.678820	0.491839	8567.414062
7801.077954	0.100657	0.491839	8672.600586
7801.078977	0.097943	0.491839	8772.796875
7801.079858	0.097998	0.491839	8859.132812
7801.080785	0.098009	0.491839	8949.987305
7801.081869	0.097936	0.491839	9056.149414
7801.082785	0.097980	0.491839	9145.898437
7801.083651	0.098020	0.491839	9230.784180
7801.084675	0.098068	0.491839	9331.205078
7801.085690	0.097899	0.491839	9430.572266
7801.086580	0.097998	0.491839	9517.791016
7802.060223	1.075569	0.533407	458.192322
7802.061283	1.569939	0.533407	2122.327637
7802.062305	1.547552	0.533407	3703.926270
7802.063180	1.507701	0.533407	5023.165039
7802.064153	1.464833	0.533407	6448.447266
7802.065208	1.420287	0.533407	7946.850098
7802.066123	0.632911	0.533407	8525.963867
7802.066992	0.102418	0.533407	8614.964844
7802.068067	0.098115	0.533407	8720.438477
7802.069057	0.097914	0.533407	8817.373047
7802.069944	0.097994	0.533407	8904.293945
7802.070915	0.098123	0.533407	8999.571289
7802.071961	0.098038	0.533407	9102.119141
7802.072866	0.098013	0.533407	9190.820312
7802.073725	0.098097	0.533407	9275.085937
7802.074802	0.098053	0.533407	9380.689453
7802.075771	0.097914	0.533407	9475.568359
7803.126201	1.061133	0.487110	445.675781
7803.127091	1.563010	0.487110	1836.754883
7803.128189	1.551339	0.487110	3540.125000
7803.129140	1.509111	0.487110	4975.290039
7803.130014	1.469216	0.487110	6259.385254
7803.131045	1.426175	0.487110	7729.772461
7803.132088	0.672462	0.487110	8431.150391
7803.132976	0.102367	0.487110	8522.051758
7803.133924	0.098027	0.487110	8614.981445
7803.134992	0.098035	0.487110	8719.682617
7803.135926	0.098016	0.487110	8811.229492
7803.136786	0.097998	0.487110	8895.507812
7803.137842	0.098115	0.487110	8999.117187
7803.138846	0.098020	0.487110	9097.529297
7803.139730	0.098053	0.487110	9184.208008
7803.140703	0.098031	0.487110	9279.591797
7803.141757	0.098020	0.487110	9382.905273
7804.112327	1.070669	0.518244	465.740997
7804.113200	1.565028	0.518244	1832.010498
7804.114091	1.558898	0.518244	3220.988281
7804.115178	1.513187	0.518244	4865.822754
7804.116066	1.472230	0.518244	6173.163086
7804.116930	1.435536	0.518244	7413.465820
7804.117984	0.948596	0.518244	8413.286133
7804.118936	0.112467	0.518244	8520.354492
7804.119841	0.097917	0.518244	8608.969727
7804.120720	0.098068	0.518244	8695.170898
7804.121823	0.098031	0.518244	8803.298828
7804.122730	0.097958	0.518244	8892.146484
7804.123594	0.097972	0.518244	8976.794922
7804.124656	0.098148	0.518244	9081.028320
7804.125618	0.097910	0.518244	9175.217773
7804.126500	0.098005	0.518244	9261.658203
7804.127364	0.097998	0.518244	9346.328125
7805.179861	1.092202	0.489164	479.476715
7805.180738	1.566108	0.489164	1852.953735
7805.181768	1.554067	0.489164	3453.643066
7805.182673	1.513590	0.489164	4823.442383
7805.183552	1.473468	0.489164	6118.620605
7805.184451	1.434642	0.489164	7408.364258
7805.185503	0.970096	0.489164	8428.906250
7805.186390	0.120710	0.489164	8535.976562
7805.187264	0.097881	0.489164	8621.524414
7805.188268	0.097987	0.489164	8719.903320
7805.189183	0.097928	0.489164	8809.507812
7805.190105	0.097991	0.489164	8899.855469
7805.190962	0.098101	0.489164	8983.927734
7805.191988	0.097980	0.489164	9084.455078
7805.192874	0.097943	0.489164	9171.232422
7805.193749	0.097950	0.489164	9256.939453
7805.194716	0.098027	0.489164	9351.731445
7806.165461	1.082739	0.506232	476.405273
7806.166323	1.564959	0.506232	1825.399536
7806.167330	1.554800	0.506232	3391.083008
7806.168393	1.508950	0.506232	4995.097168
7806.169273	1.468312	0.506232	6287.211426
7806.170193	1.429252	0.506232	7602.123047
7806.171262	0.749637	0.506232	8403.485352
7806.172212	0.102521	0.506232	8500.879883
7806.173080	0.097925	0.506232	8585.878906
7806.174108	0.098104	0.506232	8686.730469
7806.175130	0.097972	0.506232	8786.858398
7806.176023	0.097965	0.506232	8874.340820
7806.176961	0.098013	0.506232	8966.276367
7806.178027	0.097991	0.506232	9070.734375
7806.178959	0.097932	0.506232	9162.006836
7806.179823	0.097983	0.506232	9246.664062
7806.180881	0.098185	0.506232	9350.543945
7807.235055	1.125872	0.473316	533.663086
7807.235942	1.568785	0.473316	1925.175659
7807.236905	1.555173	0.473316	3422.807617
7807.237945	1.508914	0.473316	4992.077637
7807.238873	1.466942	0.473316	6353.399902
7807.239737	1.429775	0.473316	7588.725586
7807.240803	0.784255	0.473316	8424.742187
7807.241807	0.102305	0.473316	8527.456055
7807.242689	0.097972	0.473316	8613.868164
7807.243657	0.098049	0.473316	8708.780273
7807.244712	0.097980	0.473316	8812.148437
7807.245620	0.097987	0.473316	8901.121094
7807.246477	0.097972	0.473316	8985.083008
7807.247531	0.098123	0.473316	9088.503906
7807.248533	0.097903	0.473316	9186.602539
7807.249426	0.098024	0.473316	9274.137695
7807.250396	0.098035	0.473316	9369.231445
7808.218145	1.144091	0.498840	592.638916
7808.219031	1.570309	0.498840	1983.932495
7808.219919	1.554613	0.498840	3364.428711
7808.221022	1.507434	0.498840	5027.128418
7808.221974	1.464653	0.498840	6421.478516
7808.222840	1.427911	0.498840	7658.049805
7808.223863	0.756350	0.498840	8431.795898
7808.224898	0.101180	0.498840	8536.517578
7808.225786	0.097965	0.498840	8623.510742
7808.226723	0.098079	0.498840	8715.410156
7808.227782	0.097983	0.498840	8819.174805
7808.228718	0.098101	0.498840	8910.997070
7808.229584	0.098002	0.498840	8995.866211
7808.230634	0.098134	0.498840	9098.906250
7808.231658	0.097921	0.498840	9199.177734
7808.232550	0.097980	0.498840	9286.575195
7808.233514	0.098042	0.498840	9381.087891
7809.288652	1.079854	0.473534	472.975861
7809.289529	1.565845	0.473534	1846.221558
7809.290482	1.557499	0.473534	3330.517822
7809.291505	1.512261	0.473534	4877.560547
7809.292396	1.471842	0.473534	6188.971680
7809.293262	1.434390	0.473534	7431.153320
7809.294340	0.906760	0.473534	8408.640625
7809.295273	0.111866	0.473534	8513.011719
7809.296144	0.097855	0.473534	8598.243164
7809.297071	0.098064	0.473534	8689.148437
7809.298131	0.097983	0.473534	8793.010742
7809.299015	0.097991	0.473534	8879.634766
7809.299884	0.097961	0.473534	8964.763672
7809.300909	0.098137	0.473534	9065.354492
7809.301864	0.098035	0.473534	9158.977539
7809.302740	0.098031	0.473534	9244.852539
7809.303655	0.098123	0.473534	9334.634766
7810.271692	1.075371	0.498510	472.087891
7810.272555	1.564739	0.498510	1822.457397
7810.273581	1.555236	0.498510	3418.129150
7810.274633	1.509199	0.498510	5005.806641
7810.275509	1.468363	0.498510	6292.092773
7810.276405	1.429252	0.498510	7572.702148
7810.277508	0.738109	0.498510	8386.836914
7810.278464	0.102162	0.498510	8484.503906
7810.279332	0.097925	0.498510	8569.502930
7810.280358	0.098159	0.498510	8670.213867
7810.281389	0.098093	0.498510	8771.347656
7810.282278	0.098090	0.498510	8858.548828
7810.283215	0.098156	0.498510	8950.520508
7810.284279	0.098020	0.498510	9054.813477
7810.285213	0.098090	0.498510	9146.428711
7810.286075	0.098042	0.498510	9230.940430
7810.287136	0.098035	0.498510	9334.955078
7811.341783	1.091726	0.458581	486.909821
7811.342644	1.565171	0.458581	1834.521973
7811.343697	1.553401	0.458581	3470.252930
7811.344706	1.508489	0.458581	4992.318359
7811.345584	1.468521	0.458581	6281.679199
7811.346540	1.428611	0.458581	7647.431152
7811.347606	0.720392	0.458581	8415.369141
7811.348519	0.102832	0.458581	8509.254883
7811.349387	0.097892	0.458581	8594.224609
7811.350457	0.098104	0.458581	8699.196289
7811.351454	0.097896	0.458581	8796.797852
7811.352344	0.098013	0.458581	8884.029297
7811.353323	0.098038	0.458581	8980.008789
7811.354366	0.097903	0.458581	9082.121094
7811.355278	0.097976	0.458581	9171.475586
7811.356142	0.097885	0.458581	9256.047852
7811.357223	0.098130	0.458581	9362.125977
7812.322741	1.081106	0.503311	454.064484
7812.323853	1.571653	0.503311	2201.742432
7812.324824	1.547552	0.503311	3704.416016
7812.325695	1.508141	0.503311	5018.006836
7812.326747	1.461259	0.503311	6555.250977
7812.327794	1.417855	0.503311	8039.745605
7812.328692	0.568147	0.503311	8549.941406
7812.329607	0.101411	0.503311	8642.732422
7812.330683	0.098134	0.503311	8748.324219
7812.331624	0.098009	0.503311	8840.550781
7812.332486	0.097980	0.503311	8925.009766
7812.333534	0.098119	0.503311	9027.837891
7812.334550	0.097958	0.503311	9127.363281
7812.335433	0.097991	0.503311	9213.888672
7812.336398	0.097998	0.503311	9308.457031
7812.337440	0.097980	0.503311	9410.551758
7812.338354	0.097991	0.503311	9500.115234
7813.394893	1.083860	0.448470	475.814453
7813.395763	1.565153	0.448470	1837.497314
7813.396625	1.560381	0.448470	3182.545654
7813.397679	1.515714	0.448470	4780.108398
7813.398565	1.474845	0.448470	6086.821289
7813.399443	1.437510	0.448470	7348.954590
7813.400374	1.121265	0.448470	8392.851562
7813.401368	0.139442	0.448470	8531.457031
7813.402249	0.097950	0.448470	8617.750977
7813.403140	0.098009	0.448470	8705.077148
7813.404138	0.098123	0.448470	8803.003906
7813.405062	0.098002	0.448470	8893.557617
7813.405975	0.098005	0.448470	8983.036133
7813.406840	0.098046	0.448470	9067.845703
7813.407878	0.097925	0.448470	9169.491211
7813.408773	0.097961	0.448470	9257.166992
7813.409649	0.097980	0.448470	9342.997070
7814.377505	1.153004	0.485470	596.103149
7814.378390	1.570631	0.485470	1986.111572
7814.379277	1.554382	0.485470	3364.848633
7814.380381	1.506749	0.485470	5028.299805
7814.381341	1.463972	0.485470	6433.712891
7814.382216	1.427150	0.485470	7682.468750
7814.383261	0.716173	0.485470	8430.869141
7814.384281	0.100510	0.485470	8533.389648
7814.385171	0.098027	0.485470	8620.633789
7814.386099	0.098002	0.485470	8711.579102
7814.387154	0.097896	0.485470	8814.858398
7814.388094	0.097980	0.485470	8906.958984
7814.388957	0.098053	0.485470	8991.579102
7814.389997	0.098115	0.485470	9093.619141
7814.391004	0.097932	0.485470	9192.236328
7814.391885	0.097991	0.485470	9278.566406
7814.392842	0.098049	0.485470	9372.399414
7815.448022	1.095216	0.442484	485.180695
7815.448891	1.565182	0.442484	1845.323730
7815.449955	1.552529	0.442484	3497.214844
7815.450974	1.507090	0.442484	5032.939453
7815.451855	1.467458	0.442484	6325.770508
7815.452856	1.426637	0.442484	7753.833984
7815.453905	0.664512	0.442484	8450.906250
7815.454796	0.101587	0.442484	8541.419922
7815.455663	0.097870	0.442484	8626.273437
7815.456726	0.098185	0.442484	8730.643555
7815.457729	0.097917	0.442484	8828.854492
7815.458617	0.098013	0.442484	8915.889648
7815.459598	0.098020	0.442484	9012.046875
7815.460651	0.097950	0.442484	9115.188477
7815.461552	0.097983	0.442484	9203.471680
7815.462413	0.097976	0.442484	9287.829102
7815.463509	0.098163	0.442484	9395.416016
7816.431049	1.078986	0.483851	470.437714
7816.431921	1.564947	0.483851	1835.071899
7816.432927	1.555067	0.483851	3399.469238
7816.433988	1.508716	0.483851	5000.216797
7816.434880	1.467759	0.483851	6309.457520
7816.435772	1.429127	0.483851	7584.239258
7816.436861	0.751044	0.483851	8402.125977
7816.437818	0.102429	0.483851	8500.150391
7816.438680	0.097983	0.483851	8584.612305
7816.439722	0.098082	0.483851	8686.814453
7816.440756	0.097954	0.483851	8788.098633
7816.441638	0.097969	0.483851	8874.506836
7816.442579	0.098156	0.483851	8966.871094
7816.443625	0.097998	0.483851	9069.376953
7816.444563	0.097972	0.483851	9161.275391
7816.445422	0.097921	0.483851	9245.389648
7816.446470	0.098005	0.483851	9348.099609
7817.500668	1.137089	0.442105	544.665466
7817.501565	1.568489	0.442105	1951.599854
7817.502434	1.557433	0.442105	3305.009033
7817.503487	1.511243	0.442105	4896.347656
7817.504428	1.468711	0.442105	6278.404785
7817.505308	1.431694	0.442105	7538.295898
7817.506248	0.961417	0.442105	8442.028320
7817.507299	0.108995	0.442105	8556.582031
7817.508188	0.097874	0.442105	8643.591797
7817.509054	0.097994	0.442105	8728.455078
7817.510092	0.098009	0.442105	8830.188477
7817.511060	0.097903	0.442105	8924.958008
7817.511935	0.097950	0.442105	9010.665039
7817.512857	0.098057	0.442105	9101.073242
7817.513919	0.097965	0.442105	9205.112305
7817.514798	0.097808	0.442105	9291.084961
7817.515656	0.097947	0.442105	9375.123047
7818.484188	1.108330	0.473542	495.423523
7818.485061	1.566240	0.473542	1862.751221
7818.486088	1.553815	0.473542	3458.519043
7818.487133	1.507782	0.473542	5034.151367
7818.488018	1.467125	0.473542	6332.557129
7818.488917	1.428109	0.473542	7616.427246
7818.490023	0.711438	0.473542	8403.277344
7818.490961	0.101748	0.473542	8498.716797
7818.491828	0.097983	0.473542	8583.667969
7818.492841	0.098086	0.473542	8683.029297
7818.493881	0.097896	0.473542	8784.840820
7818.494770	0.097958	0.473542	8871.924805
7818.495700	0.098035	0.473542	8963.096680
7818.496755	0.097980	0.473542	9066.464844
7818.497694	0.097932	0.473542	9158.422852
7818.498567	0.098038	0.473542	9244.010742
7818.499622	0.098068	0.473542	9347.471680
7819.552266	1.103415	0.433654	557.224792
7819.553317	1.571799	0.433654	2209.185791
7819.554261	1.547695	0.433654	3670.209961
7819.555121	1.508320	0.433654	4967.365234
7819.556193	1.461438	0.433654	6534.026855
7819.557215	1.418518	0.433654	7983.752441
7819.558096	0.621907	0.433654	8531.652344
7819.559061	0.102107	0.433654	8630.185547
7819.560126	0.098046	0.433654	8734.604492
7819.561036	0.097965	0.433654	8823.752930
7819.561902	0.097994	0.433654	8908.616211
7819.562971	0.097994	0.433654	9013.372070
7819.563960	0.097914	0.433654	9110.208984
7819.564847	0.097983	0.433654	9197.120117
7819.565803	0.098093	0.433654	9290.897461
7819.566847	0.098016	0.433654	9393.226562
7819.567759	0.098075	0.433654	9482.670898
7820.538297	1.061063	0.474489	446.707642
7820.539241	1.563494	0.474489	1922.645630
7820.540297	1.551306	0.474489	3560.824951
7820.541190	1.510891	0.474489	4910.050781
7820.542060	1.471238	0.474489	6190.027344
7820.543122	1.426952	0.474489	7705.450195
7820.544090	0.805049	0.474489	8484.737305
7820.544966	0.108062	0.474489	8579.399414
7820.545879	0.098035	0.474489	8668.905273
7820.546930	0.098002	0.474489	8771.905273
7820.547808	0.097950	0.474489	8857.905273
7820.548668	0.098013	0.474489	8942.196289
7820.549686	0.097991	0.474489	9041.951172
7820.550638	0.097969	0.474489	9135.217773
7820.551516	0.098035	0.474489	9221.291992
7820.552380	0.098174	0.474489	9306.114258
7820.553489	0.098101	0.474489	9414.908203
7821.604298	1.094718	0.430568	479.486481
7821.605220	1.568258	0.430568	1925.420410
7821.606087	1.557195	0.430568	3275.508301
7821.607131	1.512806	0.430568	4854.877930
7821.608018	1.472593	0.430568	6161.067871
7821.608894	1.435466	0.430568	7418.536621
7821.609901	1.015679	0.430568	8441.325195
7821.610818	0.127236	0.430568	8558.000977
7821.611739	0.097848	0.430568	8648.119141
7821.612597	0.097921	0.430568	8732.135742
7821.613613	0.097969	0.430568	8831.671875
7821.614508	0.097844	0.430568	8919.242187
7821.615385	0.097972	0.430568	9005.164062
7821.616343	0.098009	0.430568	9099.056641
7821.617314	0.097965	0.430568	9194.180664
7821.618234	0.097906	0.430568	9284.254883
7821.619097	0.097965	0.430568	9368.798828
7822.591423	1.070819	0.473723	457.239777
7822.592469	1.569009	0.473723	2098.423096
7822.593496	1.547725	0.473723	3687.936279
7822.594377	1.507650	0.473723	5016.175781
7822.595336	1.465378	0.473723	6421.473633
7822.596389	1.420909	0.473723	7917.691406
7822.597325	0.642473	0.473723	8519.045898
7822.598182	0.102667	0.473723	8607.031250
7822.599237	0.097998	0.473723	8710.418945
7822.600231	0.098079	0.473723	8807.909180
7822.601116	0.097969	0.473723	8894.611328
7822.602083	0.098031	0.473723	8989.407227
7822.603136	0.097917	0.473723	9092.514648
7822.604046	0.097917	0.473723	9181.619141
7822.604913	0.097943	0.473723	9266.536133
7822.605980	0.098086	0.473723	9371.193359
7822.606986	0.097961	0.473723	9469.742187
7823.657422	1.083915	0.414165	470.419006
7823.658287	1.564420	0.414165	1823.642334
7823.659386	1.551753	0.414165	3529.018799
7823.660350	1.508741	0.414165	4983.445312
7823.661210	1.469513	0.414165	6247.226562
7823.662273	1.424714	0.414165	7761.697754
7823.663329	0.638979	0.414165	8436.459961
7823.664207	0.101517	0.414165	8525.591797
7823.665139	0.097969	0.414165	8616.898437
7823.666206	0.098119	0.414165	8721.590820
7823.667154	0.097991	0.414165	8814.486328
7823.668026	0.098112	0.414165	8900.040039
7823.669062	0.098119	0.414165	9001.691406
7823.670070	0.097910	0.414165	9100.384766
7823.670962	0.097976	0.414165	9187.779297
7823.671919	0.097991	0.414165	9281.556641
7823.672956	0.097950	0.414165	9383.130859
7824.646645	1.129962	0.447660	535.602112
7824.647533	1.568756	0.447660	1928.657471
7824.648400	1.557759	0.447660	3279.234375
7824.649465	1.511243	0.447660	4888.708008
7824.650412	1.468711	0.447660	6279.577148
7824.651297	1.431255	0.447660	7546.237793
7824.652246	0.952408	0.447660	8450.073242
7824.653276	0.109600	0.447660	8562.960937
7824.654165	0.097939	0.447660	8650.029297
7824.655028	0.098079	0.447660	8734.670898
7824.656080	0.098123	0.447660	8837.895508
7824.657027	0.097925	0.447660	8930.629883
7824.657904	0.097987	0.447660	9016.564453
7824.658822	0.098101	0.447660	9106.621094
7824.659896	0.097870	0.447660	9211.733398
7824.660773	0.098060	0.447660	9297.732422
7824.661638	0.098038	0.447660	9382.535156
7825.707458	1.071606	0.419164	457.575928
7825.708334	1.564812	0.419164	1828.351318
7825.709293	1.557554	0.419164	3322.045410
7825.710265	1.514311	0.419164	4793.956055
7825.711195	1.472483	0.419164	6163.365234
7825.712063	1.435477	0.419164	7409.359375
7825.713103	0.994303	0.419164	8443.434570
7825.713982	0.127229	0.419164	8555.268555
7825.714853	0.097903	0.419164	8640.541992
7825.715739	0.098075	0.419164	8727.436523
7825.716750	0.097980	0.419164	8826.494141
7825.717673	0.097921	0.419164	8916.875000
7825.718555	0.097991	0.419164	9003.302734
7825.719550	0.097980	0.419164	9100.792969
7825.720481	0.098053	0.419164	9192.080078
7825.721398	0.097943	0.419164	9281.893555
7825.722258	0.098093	0.419164	9366.253906
7826.702368	1.153433	0.438057	587.097168
7826.703343	1.572733	0.438057	2120.511963
7826.704214	1.553280	0.438057	3473.418945
7826.705235	1.507500	0.438057	5012.576172
7826.706299	1.460541	0.438057	6566.591797
7826.707193	1.422726	0.438057	7838.508789
7826.708118	0.736794	0.438057	8520.043945
7826.709186	0.100327	0.438057	8627.193359
7826.710132	0.098002	0.438057	8719.903320
7826.711004	0.098020	0.438057	8805.376953
7826.712025	0.098112	0.438057	8905.548828
7826.713053	0.098082	0.438057	9006.376953
7826.713947	0.097994	0.438057	9093.984375
7826.714865	0.098060	0.438057	9184.003906
7826.715919	0.097899	0.438057	9287.189453
7826.716862	0.097914	0.438057	9379.522461
7826.717724	0.097991	0.438057	9463.990234
7827.758631	1.164584	0.414338	604.418945
7827.759661	1.573352	0.414338	2224.971680
7827.760548	1.549790	0.414338	3599.635254
7827.761518	1.507017	0.414338	5061.441406
7827.762574	1.459643	0.414338	6602.825195
7827.763499	1.420671	0.414338	7916.946289
7827.764365	0.720656	0.414338	8541.034180
7827.765435	0.100844	0.414338	8648.936523
7827.766437	0.098027	0.414338	8747.160156
7827.767309	0.098042	0.414338	8832.652344
7827.768277	0.098192	0.414338	8927.702148
7827.769332	0.098112	0.414338	9031.209961
7827.770241	0.098071	0.414338	9120.356445
7827.771107	0.098068	0.414338	9205.283203
7827.772180	0.098101	0.414338	9310.544922
7827.773172	0.098090	0.414338	9407.849609
7827.774064	0.098031	0.414338	9495.292969
7828.755482	1.162075	0.432336	600.792908
7828.756454	1.573246	0.432336	2129.987793
7828.757338	1.552712	0.432336	3502.585449
7828.758354	1.507566	0.432336	5034.272461
7828.759414	1.460750	0.432336	6582.666992
7828.760311	1.422437	0.432336	7858.592773
7828.761217	0.740039	0.432336	8529.068359
7828.762299	0.100470	0.432336	8637.777344
7828.763244	0.097903	0.432336	8730.295898
7828.764103	0.097991	0.432336	8814.469727
7828.765135	0.098221	0.432336	8915.833984
7828.766163	0.098024	0.432336	9016.602539
7828.767047	0.098002	0.432336	9103.236328
7828.767960	0.098104	0.432336	9192.805664
7828.769026	0.098115	0.432336	9297.396484
7828.769965	0.098079	0.432336	9389.492187
7828.770825	0.098071	0.432336	9473.833008
7829.810615	1.059423	0.410213	443.898071
7829.811504	1.562758	0.410213	1833.189575
7829.812593	1.552145	0.410213	3523.475098
7829.813491	1.511407	0.410213	4880.718750
7829.814366	1.471904	0.410213	6168.634766
7829.815371	1.429801	0.410213	7605.584961
7829.816351	0.857893	0.410213	8446.320312
7829.817279	0.108417	0.410213	8546.930664
7829.818141	0.097906	0.410213	8631.326172
7829.819221	0.097917	0.410213	8737.077148
7829.820107	0.097906	0.410213	8823.822266
7829.820978	0.097972	0.410213	8909.156250
7829.821986	0.098046	0.410213	9007.986328
7829.822974	0.097906	0.410213	9104.717773
7829.823846	0.097906	0.410213	9190.091797
7829.824711	0.098049	0.410213	9274.904297
7829.825785	0.098042	0.410213	9380.201172
7830.809105	1.143633	0.431076	577.534546
7830.810005	1.570642	0.431076	1991.112427
7830.810874	1.554782	0.431076	3342.217773
7830.811981	1.507269	0.431076	5010.764648
7830.812958	1.463851	0.431076	6440.947266
7830.813828	1.427062	0.431076	7682.491211
7830.814902	0.681112	0.431076	8414.005859
7830.815933	0.099939	0.431076	8517.042969
7830.816827	0.097888	0.431076	8604.554687
7830.817753	0.098042	0.431076	8695.341797
7830.818810	0.098104	0.431076	8799.038086
7830.819748	0.097961	0.431076	8890.925781
7830.820611	0.097881	0.431076	8975.396484
7830.821638	0.097994	0.431076	9076.037109
7830.822655	0.097947	0.431076	9175.649414
7830.823539	0.098016	0.431076	9262.295898
7830.824487	0.098005	0.431076	9355.205078
7831.862736	1.096981	0.406338	488.156616
7831.863616	1.566039	0.406338	1866.270752
7831.864608	1.555331	0.406338	3409.158691
7831.865656	1.508950	0.406338	4990.538574
7831.866559	1.467674	0.406338	6315.848633
7831.867425	1.429797	0.406338	7554.053223
7831.868515	0.785489	0.406338	8410.236328
7831.869502	0.102554	0.406338	8511.457031
7831.870382	0.097892	0.406338	8597.601562
7831.871364	0.098060	0.406338	8693.896484
7831.872426	0.097994	0.406338	8797.966797
7831.873294	0.098046	0.406338	8883.070312
7831.874176	0.098068	0.406338	8969.566406
7831.875262	0.097994	0.406338	9075.988281
7831.876220	0.098013	0.406338	9169.884766
7831.877088	0.098016	0.406338	9254.962891
7831.878123	0.098093	0.406338	9356.489258
7832.863190	1.101310	0.424755	486.778931
7832.864064	1.565804	0.424755	1855.291992
7832.865074	1.554533	0.424755	3425.369873
7832.866077	1.509690	0.424755	4939.588867
7832.866959	1.469887	0.424755	6236.028809
7832.867964	1.428212	0.424755	7671.381836
7832.869013	0.747118	0.424755	8455.108398
7832.869881	0.105117	0.424755	8546.350586
7832.870755	0.097958	0.424755	8631.965820
7832.871774	0.098093	0.424755	8731.922852
7832.872747	0.098005	0.424755	8827.282227
7832.873626	0.098068	0.424755	8913.483398
7832.874487	0.098137	0.424755	8997.979492
7832.875599	0.098068	0.424755	9107.030273
7832.876501	0.098035	0.424755	9195.458008
7832.877362	0.098137	0.424755	9279.954102
7832.878431	0.098064	0.424755	9384.784180
7833.914811	1.061543	0.402583	446.909607
7833.915754	1.565977	0.402583	1923.625488
7833.916653	1.556653	0.402583	3323.056396
7833.917568	1.516860	0.402583	4710.983398
7833.918455	1.475859	0.402583	6020.070312
7833.919440	1.434877	0.402583	7433.423828
7833.920363	1.107913	0.402583	8456.027344
7833.921249	0.147843	0.402583	8587.016602
7833.922260	0.097852	0.402583	8685.944336
7833.923163	0.098031	0.402583	8774.466797
7833.924082	0.097841	0.402583	8864.381836
7833.924948	0.098049	0.402583	8949.292969
7833.925924	0.097950	0.402583	9044.892578
7833.926826	0.097841	0.402583	9133.144531
7833.927706	0.098002	0.402583	9219.385742
7833.928680	0.097877	0.402583	9314.717773
7833.929610	0.097980	0.402583	9405.838867
7834.915801	1.105767	0.436147	496.489227
7834.916675	1.566020	0.436147	1865.191162
7834.917689	1.554302	0.436147	3441.253174
7834.918738	1.508247	0.436147	5023.404297
7834.919637	1.466876	0.436147	6342.125977
7834.920498	1.428571	0.436147	7572.125000
7834.921616	0.736692	0.436147	8395.746094
7834.922573	0.101931	0.436147	8493.293945
7834.923429	0.097969	0.436147	8577.155273
7834.924466	0.098024	0.436147	8678.805664
7834.925523	0.097939	0.436147	8782.328125
7834.926395	0.097947	0.436147	8867.737305
7834.927308	0.097969	0.436147	8957.182617
7834.928376	0.097903	0.436147	9061.743164
7834.929327	0.097917	0.436147	9154.862305
7834.930194	0.098005	0.436147	9239.833008
7834.931238	0.098145	0.436147	9342.295898
7835.967543	1.152187	0.388653	634.855286
7835.968607	1.572729	0.388653	2308.239502
7835.969500	1.547018	0.388653	3689.726562
7835.970362	1.506577	0.388653	4988.395996
7835.971458	1.459779	0.388653	6588.313965
7835.972425	1.419060	0.388653	7960.544922
7835.973297	0.668155	0.388653	8543.176758
7835.974300	0.101938	0.388653	8645.420898
7835.975354	0.097983	0.388653	8748.695312
7835.976239	0.097969	0.388653	8835.397461
7835.977132	0.098013	0.388653	8922.922852
7835.978237	0.098079	0.388653	9031.299805
7835.979189	0.098042	0.388653	9124.635742
7835.980058	0.098057	0.388653	9209.846680
7835.981064	0.098071	0.388653	9308.506836
7835.982089	0.098053	0.388653	9409.010742
7835.982979	0.097950	0.388653	9496.186523
7836.968503	1.184084	0.426306	639.405579
7836.969418	1.572374	0.426306	2078.127930
7836.970293	1.554115	0.426306	3437.978516
7836.971314	1.509192	0.426306	4978.863281
7836.972298	1.464441	0.426306	6419.873047
7836.973191	1.427036	0.426306	7694.216309
7836.974057	0.915388	0.426306	8486.942383
7836.975152	0.105945	0.426306	8602.952148
7836.976042	0.097928	0.426306	8690.108398
7836.976908	0.097976	0.426306	8774.956055
7836.977893	0.098141	0.426306	8871.625000
7836.978894	0.097914	0.426306	8969.636719
7836.979780	0.098079	0.426306	9056.534180
7836.980644	0.097987	0.426306	9141.195312
7836.981725	0.098020	0.426306	9247.155273
7836.982641	0.097998	0.426306	9336.921875
7836.983516	0.098002	0.426306	9422.673828
7838.020029	1.072277	0.375219	453.572998
7838.021105	1.570518	0.375219	2143.449707
7838.022111	1.547186	0.375219	3699.918945
7838.022993	1.507445	0.375219	5029.485352
7838.023996	1.463302	0.375219	6497.177246
7838.025055	1.418969	0.375219	7999.865234
7838.025957	0.605314	0.375219	8545.858398
7838.026815	0.101968	0.375219	8633.346680
7838.027896	0.098064	0.375219	8739.353516
7838.028859	0.097991	0.375219	8833.718750
7838.029741	0.097910	0.375219	8920.075195
7838.030735	0.098035	0.375219	9017.521484
7838.031784	0.098075	0.375219	9120.402344
7838.032680	0.097991	0.375219	9208.202148
7838.033548	0.098005	0.375219	9293.270508
7838.034660	0.098192	0.375219	9402.459961
7838.035619	0.097939	0.375219	9496.383789
7839.021598	1.155421	0.421847	595.041870
7839.022501	1.570873	0.421847	2013.540039
7839.023363	1.554811	0.421847	3353.786865
7839.024451	1.507701	0.421847	4994.166016
7839.025427	1.463657	0.421847	6422.695312
7839.026314	1.426743	0.421847	7688.216309
7839.027328	0.748433	0.421847	8447.126953
7839.028390	0.100862	0.421847	8554.242187
7839.029276	0.098002	0.421847	8641.071289
7839.030160	0.097965	0.421847	8727.672852
7839.031241	0.098075	0.421847	8833.691406
7839.032198	0.098046	0.421847	8927.521484
7839.033064	0.098035	0.421847	9012.419922
7839.034089	0.098123	0.421847	9112.995117
7839.035128	0.098053	0.421847	9214.872070
7839.036015	0.098064	0.421847	9301.854492
7839.036941	0.098068	0.421847	9392.665039
7840.072138	1.075975	0.383380	469.125244
7840.073008	1.564786	0.383380	1830.489380
7840.074046	1.553650	0.383380	3443.177979
7840.075081	1.507837	0.383380	5003.789062
7840.075982	1.467334	0.383380	6325.856934
7840.076938	1.427838	0.383380	7690.870117
7840.077986	0.704762	0.383380	8429.460937
7840.078923	0.101781	0.383380	8524.830078
7840.079791	0.098002	0.383380	8609.895508
7840.080866	0.098071	0.383380	8715.322266
7840.081868	0.097947	0.383380	8813.464844
7840.082753	0.098031	0.383380	8900.222656
7840.083729	0.098068	0.383380	8995.936523
7840.084772	0.098079	0.383380	9098.232422
7840.085680	0.098031	0.383380	9187.244141
7840.086538	0.098038	0.383380	9271.361328
7840.087627	0.098112	0.383380	9378.205078
7841.074698	1.130310	0.412098	565.155029
7841.075600	1.570342	0.412098	1981.603394
7841.076467	1.555378	0.412098	3330.116455
7841.077572	1.507775	0.412098	4996.207520
7841.078561	1.463218	0.412098	6443.330078
7841.079460	1.425864	0.412098	7725.182129
7841.080456	0.734832	0.412098	8457.074219
7841.081510	0.100986	0.412098	8563.513672
7841.082397	0.098020	0.412098	8650.457031
7841.083280	0.098005	0.412098	8736.996094
7841.084361	0.098126	0.412098	8843.070312
7841.085317	0.098005	0.412098	8936.763672
7841.086180	0.097976	0.412098	9021.317383
7841.087218	0.098104	0.412098	9123.149414
7841.088250	0.097958	0.412098	9224.242187
7841.089130	0.098020	0.412098	9310.500000
7841.090050	0.098060	0.412098	9400.715820
7842.124319	1.133273	0.368850	597.234680
7842.125285	1.572466	0.368850	2116.236572
7842.126213	1.551083	0.368850	3555.641357
7842.127080	1.512114	0.368850	4866.644531
7842.128121	1.466349	0.368850	6393.113770
7842.128993	1.428365	0.368850	7638.648437
7842.129874	0.983178	0.368850	8504.828125
7842.130786	0.126072	0.368850	8619.805664
7842.131780	0.097874	0.368850	8717.091797
7842.132706	0.098090	0.368850	8807.922852
7842.133585	0.097991	0.368850	8894.056641
7842.134585	0.098031	0.368850	8992.087891
7842.135508	0.098002	0.368850	9082.543945
7842.136432	0.098016	0.368850	9173.111328
7842.137297	0.098005	0.368850	9257.885742
7842.138327	0.098064	0.368850	9358.891602
7842.139211	0.097936	0.368850	9445.466797
7843.126852	1.177277	0.407687	663.984009
7843.127913	1.573121	0.407687	2333.065674
7843.128805	1.546534	0.407687	3712.574219
7843.129669	1.505841	0.407687	5013.621094
7843.130769	1.458977	0.407687	6618.495605
7843.131740	1.418540	0.407687	7995.897949
7843.132612	0.645007	0.407687	8558.344727
7843.133668	0.100038	0.407687	8663.984375
7843.134702	0.098112	0.407687	8765.431641
7843.135572	0.098002	0.407687	8850.693359
7843.136485	0.097991	0.407687	8940.159180
7843.137551	0.098042	0.407687	9044.671875
7843.138501	0.098038	0.407687	9137.808594
7843.139368	0.098137	0.407687	9222.893555
7843.140392	0.098137	0.407687	9323.385742
7843.141426	0.098031	0.407687	9424.750000
7843.142319	0.098053	0.407687	9512.311523
7844.176957	1.186410	0.368238	638.288513
7844.177981	1.573524	0.368238	2249.577148
7844.178872	1.549072	0.368238	3629.800537
7844.179823	1.506830	0.368238	5062.795898
7844.180879	1.459530	0.368238	6604.059570
7844.181812	1.420378	0.368238	7929.272461
7844.182680	0.713013	0.368238	8548.167969
7844.183745	0.100822	0.368238	8655.542969
7844.184750	0.097877	0.368238	8753.909180
7844.185624	0.097980	0.368238	8839.543945
7844.186580	0.098115	0.368238	8933.341797
7844.187639	0.098079	0.368238	9037.207031
7844.188547	0.098042	0.368238	9126.229492
7844.189411	0.098053	0.368238	9210.947266
7844.190460	0.098112	0.368238	9313.866211
7844.191462	0.097921	0.368238	9411.983398
7844.192351	0.098024	0.368238	9499.125977
7845.179325	1.064615	0.406471	449.267731
7845.180309	1.563904	0.406471	1988.149048
7845.181329	1.550643	0.406471	3569.805176
7845.182207	1.510902	0.406471	4896.376953
7845.183074	1.470721	0.406471	6171.492187
7845.184128	1.426908	0.406471	7675.453125
7845.185075	0.851448	0.406471	8481.774414
7845.185950	0.111182	0.406471	8579.058594
7845.186911	0.097972	0.406471	8673.209961
7845.187930	0.097914	0.406471	8772.984375
7845.188818	0.098060	0.406471	8860.061523
7845.189684	0.097976	0.406471	8944.909180
7845.190731	0.098053	0.406471	9047.570312
7845.191672	0.097921	0.406471	9139.713867
7845.192542	0.097976	0.406471	9224.953125
7845.193457	0.098024	0.406471	9314.644531
7845.194504	0.097892	0.406471	9417.137695
7846.230088	1.183319	0.359343	643.725586
7846.231128	1.573136	0.359343	2279.787109
7846.232005	1.548640	0.359343	3637.944336
7846.232947	1.506343	0.359343	5056.918945
7846.234003	1.459186	0.359343	6597.819336
7846.234940	1.420342	0.359343	7928.679687
7846.235814	0.704528	0.359343	8544.436523
7846.236867	0.100594	0.359343	8650.362305
7846.237876	0.097925	0.359343	8749.167969
7846.238769	0.097980	0.359343	8836.664062
7846.239728	0.097969	0.359343	8930.616211
7846.240767	0.098020	0.359343	9032.458984
7846.241688	0.097980	0.359343	9122.698242
7846.242548	0.098024	0.359343	9206.999023
7846.243625	0.098024	0.359343	9312.570312
7846.244610	0.098027	0.359343	9409.126953
7846.245504	0.098079	0.359343	9496.809570
7847.232442	1.073035	0.399485	451.747589
7847.233506	1.570093	0.399485	2122.326416
7847.234510	1.546875	0.399485	3675.388916
7847.235412	1.506885	0.399485	5034.598633
7847.236405	1.462881	0.399485	6487.239258
7847.237460	1.418917	0.399485	7984.196777
7847.238370	0.599594	0.399485	8529.827148
7847.239231	0.101876	0.399485	8617.542969
7847.240327	0.098207	0.399485	8725.177734
7847.241302	0.097991	0.399485	8820.718750
7847.242173	0.097998	0.399485	8906.075195
7847.243247	0.098156	0.399485	9011.494141
7847.244282	0.098024	0.399485	9112.948242
7847.245174	0.098042	0.399485	9200.401367
7847.246089	0.098031	0.399485	9290.099609
7847.247147	0.098115	0.399485	9393.905273
7847.248094	0.097980	0.399485	9486.692383
7848.282045	1.067369	0.359440	452.564636
7848.283065	1.567159	0.359440	2051.067139
7848.284124	1.547919	0.359440	3690.312988
7848.285010	1.507244	0.359440	5025.730957
7848.285903	1.466166	0.359440	6335.017090
7848.286988	1.421766	0.359440	7877.633789
7848.287950	0.644268	0.359440	8497.418945
7848.288809	0.102762	0.359440	8585.691406
7848.289843	0.098115	0.359440	8687.142578
7848.290868	0.097921	0.359440	8787.511719
7848.291750	0.098005	0.359440	8873.952148
7848.292673	0.098108	0.359440	8964.505859
7848.293740	0.098082	0.359440	9069.159180
7848.294665	0.098071	0.359440	9159.875000
7848.295535	0.098101	0.359440	9245.222656
7848.296560	0.098035	0.359440	9345.708008
7848.297589	0.098097	0.359440	9446.649414
7849.285065	1.080505	0.378099	471.100342
7849.285942	1.565508	0.378099	1844.050659
7849.286893	1.556990	0.378099	3324.747803
7849.287880	1.513685	0.378099	4818.755371
7849.288805	1.471989	0.378099	6180.344727
7849.289677	1.434650	0.378099	7431.359375
7849.290717	0.977043	0.378099	8447.484375
7849.291596	0.124413	0.378099	8556.843750
7849.292465	0.097925	0.378099	8641.940430
7849.293351	0.098130	0.378099	8728.883789
7849.294380	0.097998	0.378099	8829.723633
7849.295278	0.097866	0.378099	8917.607422
7849.296155	0.097961	0.378099	9003.519531
7849.297143	0.098027	0.378099	9100.370117
7849.298071	0.098035	0.378099	9191.346680
7849.298992	0.098027	0.378099	9281.629883
7849.299856	0.098093	0.378099	9366.382812
7850.334674	1.092495	0.361446	476.327911
7850.335542	1.564783	0.361446	1834.559326
7850.336619	1.552031	0.361446	3506.097168
7850.337619	1.506841	0.361446	5012.937988
7850.338503	1.467631	0.361446	6310.323242
7850.339520	1.425362	0.361446	7759.916992
7850.340571	0.655309	0.361446	8448.646484
7850.341450	0.101821	0.361446	8538.147461
7850.342313	0.097965	0.361446	8622.691406
7850.343426	0.098016	0.361446	8731.783203
7850.344384	0.098031	0.361446	8825.697266
7850.345241	0.098082	0.361446	8909.753906
7850.346263	0.098104	0.361446	9010.016602
7850.347313	0.098071	0.361446	9112.991211
7850.348201	0.098108	0.361446	9200.111328
7850.349124	0.098093	0.361446	9290.651367
7850.350182	0.098170	0.361446	9394.515625
7851.336719	1.141293	0.392843	576.352783
7851.337656	1.571514	0.392843	2048.861084
7851.338523	1.555009	0.392843	3397.053467
7851.339550	1.509591	0.392843	4947.403320
7851.340591	1.463144	0.392843	6470.536621
7851.341488	1.425081	0.392843	7748.833984
7851.342443	0.792151	0.392843	8505.337891
7851.343491	0.101770	0.392843	8611.993164
7851.344423	0.097954	0.392843	8703.286133
7851.345284	0.098075	0.392843	8787.728516
7851.346341	0.098101	0.392843	8891.420898
7851.347352	0.098005	0.392843	8990.503906
7851.348233	0.098082	0.392843	9076.914062
7851.349208	0.098170	0.392843	9172.629883
7851.350237	0.098082	0.392843	9273.556641
7851.351159	0.097983	0.392843	9363.897461
7851.352017	0.098042	0.392843	9448.017578
7852.387310	1.122385	0.365809	518.541992
7852.388190	1.567258	0.365809	1897.729248
7852.389061	1.558594	0.365809	3255.264404
7852.390069	1.515524	0.365809	4782.912109
7852.390985	1.472340	0.365809	6131.575684
7852.391906	1.433364	0.365809	7451.704102
7852.392796	1.119547	0.365809	8448.101562
7852.393824	0.125922	0.365809	8577.548828
7852.394728	0.097881	0.365809	8666.033203
7852.395601	0.097947	0.365809	8751.541016
7852.396535	0.097983	0.365809	8843.057617
7852.397522	0.098002	0.365809	8939.785156
7852.398436	0.097943	0.365809	9029.304687
7852.399303	0.097885	0.365809	9114.170898
7852.400329	0.097994	0.365809	9214.712891
7852.401216	0.098038	0.365809	9301.672852
7852.402077	0.098090	0.365809	9386.127930
7853.387227	1.106627	0.391961	502.408752
7853.388105	1.566782	0.391961	1878.043457
7853.389089	1.554990	0.391961	3408.153809
7853.390150	1.507950	0.391961	5008.089355
7853.391071	1.466048	0.391961	6358.319824
7853.391939	1.428116	0.391961	7597.924805
7853.393041	0.730012	0.391961	8402.398437
7853.394005	0.101411	0.391961	8500.159180
7853.394872	0.097896	0.391961	8585.034180
7853.395885	0.098134	0.391961	8684.443359
7853.396940	0.097969	0.391961	8787.800781
7853.397819	0.097958	0.391961	8873.905273
7853.398679	0.098090	0.391961	8958.262695
7853.399779	0.098060	0.391961	9066.128906
7853.400728	0.097892	0.391961	9159.028320
7853.401585	0.098027	0.391961	9243.038086
7853.402645	0.098071	0.391961	9346.993164
7854.441402	1.062147	0.360173	447.163940
7854.442392	1.565973	0.360173	1997.477173
7854.443445	1.549010	0.360173	3628.584473
7854.444345	1.508097	0.360173	4985.871582
7854.445210	1.467393	0.360173	6255.166016
7854.446317	1.422671	0.360173	7830.062500
7854.447294	0.669269	0.360173	8483.938477
7854.448160	0.103136	0.360173	8573.253906
7854.449214	0.098013	0.360173	8676.559570
7854.450246	0.098130	0.360173	8777.830078
7854.451135	0.098049	0.360173	8864.996094
7854.452060	0.098101	0.360173	8955.739258
7854.453106	0.098013	0.360173	9058.260742
7854.454060	0.098013	0.360173	9151.764648
7854.454923	0.098071	0.360173	9236.400391
7854.455960	0.098064	0.360173	9338.092773
7854.456978	0.098016	0.360173	9437.873047
7855.439882	1.140421	0.373942	569.070068
7855.440798	1.570818	0.373942	2007.939209
7855.441666	1.554752	0.373942	3357.463867
7855.442766	1.507189	0.373942	5015.371582
7855.443751	1.462734	0.373942	6456.165039
7855.444656	1.425125	0.373942	7745.902832
7855.445658	0.718616	0.373942	8465.956055
7855.446709	0.100543	0.373942	8571.626953
7855.447612	0.098082	0.373942	8660.195312
7855.448484	0.098079	0.373942	8745.719727
7855.449570	0.098013	0.373942	8852.161133
7855.450529	0.097896	0.373942	8946.042969
7855.451391	0.097987	0.373942	9030.507812
7855.452435	0.098159	0.373942	9132.986328
7855.453457	0.097961	0.373942	9233.102539
7855.454338	0.098064	0.373942	9319.497070
7855.455238	0.098079	0.373942	9407.767578
7856.494017	1.074287	0.360101	460.869202
7856.494895	1.564900	0.360101	1834.851318
7856.495762	1.559286	0.360101	3186.752197
7856.496822	1.514458	0.360101	4792.077637
7856.497713	1.473552	0.360101	6105.012695
7856.498593	1.436470	0.360101	7369.105957
7856.499574	1.069633	0.360101	8418.416016
7856.500534	0.131060	0.360101	8544.233398
7856.501408	0.097965	0.360101	8629.854492
7856.502344	0.098145	0.360101	8721.717773
7856.503385	0.098060	0.360101	8823.798828
7856.504266	0.098002	0.360101	8910.138672
7856.505122	0.098060	0.360101	8994.078125
7856.506146	0.098210	0.360101	9094.645508
7856.507111	0.098002	0.360101	9189.216797
7856.507989	0.098013	0.360101	9275.271484
7856.508873	0.098119	0.360101	9362.008789
7857.491999	1.140776	0.364830	597.766785
7857.493052	1.572524	0.364830	2253.635010
7857.493965	1.547596	0.364830	3666.590576
7857.494830	1.506995	0.364830	4970.140625
7857.495932	1.459589	0.364830	6578.607422
7857.496924	1.417892	0.364830	7985.156250
7857.497810	0.624221	0.364830	8538.215820
7857.498827	0.101206	0.364830	8641.142578
7857.499868	0.098053	0.364830	8743.215820
7857.500753	0.098071	0.364830	8830.008789
7857.501610	0.098035	0.364830	8914.024414
7857.502701	0.098159	0.364830	9021.116211
7857.503662	0.097983	0.364830	9115.278320
7857.504536	0.098053	0.364830	9200.976562
7857.505550	0.098141	0.364830	9300.491211
7857.506591	0.097950	0.364830	9402.458008
7857.507482	0.098027	0.364830	9489.800781
