time (s)	coil I (A)	last det (V)	int current (uC)
5403.285567	1.209415	0.395187	653.084290
5403.286485	1.570100	0.395187	2094.436279
5403.287411	1.551039	0.395187	3530.698242
5403.288296	1.510920	0.395187	4867.862793
5403.289302	1.467400	0.395187	6344.067383
5403.290225	1.428354	0.395187	7662.438477
5403.291117	1.391598	0.395187	8903.744141
5403.292015	1.048220	0.395187	9845.045898
5403.292966	0.129771	0.395187	9968.458008
5403.293918	0.097998	0.395187	10061.751953
5403.294793	0.098049	0.395187	10147.544922
5403.295725	0.097994	0.395187	10238.875977
5403.296652	0.098027	0.395187	10329.747070
5403.297547	0.098163	0.395187	10417.602539
5403.298504	0.098064	0.395187	10511.450195
5403.299463	0.098049	0.395187	10605.479492
5403.300388	0.098064	0.395187	10696.188477
5403.301268	0.098093	0.395187	10782.510742
5404.368411	1.148254	0.344414	579.868469
5404.369311	1.568778	0.344414	1991.768799
5404.370182	1.554316	0.344414	3345.578369
5404.371275	1.507306	0.344414	4993.063477
5404.372277	1.462445	0.344414	6458.433594
5404.373157	1.425883	0.344414	7713.209961
5404.374162	1.385804	0.344414	9105.943359
5404.375213	0.670598	0.344414	9810.742187
5404.376091	0.102913	0.344414	9901.099609
5404.376971	0.098060	0.344414	9987.392578
5404.378058	0.098148	0.344414	10094.080078
5404.379012	0.098046	0.344414	10187.615234
5404.379872	0.098097	0.344414	10271.978516
5404.380871	0.098247	0.344414	10370.126953
5404.381923	0.098101	0.344414	10473.329102
5404.382807	0.098152	0.344414	10560.095703
5404.383726	0.098170	0.344414	10650.314453
5404.384789	0.098214	0.344414	10754.715820
5405.336512	1.067739	0.374675	455.924652
5405.337574	1.567855	0.374675	2120.986816
5405.338603	1.545948	0.374675	3711.767578
5405.339495	1.505962	0.374675	5055.085937
5405.340472	1.463152	0.374675	6484.584961
5405.341522	1.418730	0.374675	7974.251953
5405.342448	1.381527	0.374675	9253.545898
5405.343315	0.746624	0.374675	9900.868164
5405.344389	0.101726	0.374675	10010.122070
5405.345393	0.097994	0.374675	10108.508789
5405.346265	0.098064	0.374675	10194.020508
5405.347236	0.098229	0.374675	10289.400391
5405.348294	0.098192	0.374675	10393.288086
5405.349202	0.098137	0.374675	10482.396484
5405.350071	0.098079	0.374675	10567.626953
5405.351166	0.098251	0.374675	10675.211914
5405.352165	0.098013	0.374675	10773.126953
5405.353057	0.098101	0.374675	10860.632812
5406.421977	1.102258	0.383622	497.118500
5406.422862	1.564662	0.383622	1881.844238
5406.423733	1.558414	0.383622	3239.223145
5406.424749	1.515311	0.383622	4778.779297
5406.425678	1.472227	0.383622	6146.477539
5406.426604	1.433478	0.383622	7473.877930
5406.427467	1.397340	0.383622	8679.782227
5406.428507	1.071826	0.383622	9794.481445
5406.429384	0.146730	0.383622	9923.163086
5406.430256	0.098042	0.383622	10008.655273
5406.431216	0.098104	0.383622	10102.834961
5406.432177	0.098232	0.383622	10197.236328
5406.433100	0.098090	0.383622	10287.773437
5406.433980	0.098101	0.383622	10374.101562
5406.435016	0.098148	0.383622	10475.783203
5406.435910	0.097980	0.383622	10563.376953
5406.436781	0.098159	0.383622	10648.874023
5406.437673	0.098031	0.383622	10736.317383
5407.388185	1.145805	0.372552	585.506104
5407.389079	1.568580	0.372552	1987.816895
5407.389945	1.553602	0.372552	3333.236572
5407.391066	1.506383	0.372552	5021.892090
5407.392035	1.463514	0.372552	6440.037598
5407.392899	1.426805	0.372552	7672.797363
5407.393948	1.384995	0.372552	9125.657227
5407.394997	0.640181	0.372552	9797.207031
5407.395875	0.102356	0.372552	9887.075195
5407.396818	0.098020	0.372552	9979.507812
5407.397880	0.098086	0.372552	10083.674805
5407.398811	0.098093	0.372552	10175.000000
5407.399670	0.098038	0.372552	10259.214844
5407.400692	0.098181	0.372552	10359.555664
5407.401721	0.098086	0.372552	10460.486328
5407.402612	0.098049	0.372552	10547.848633
5407.403566	0.098188	0.372552	10641.520508
5407.404624	0.098130	0.372552	10745.341797
5408.478214	1.130955	0.409685	559.822510
5408.479091	1.566654	0.409685	1933.778076
5408.480032	1.554111	0.409685	3396.196777
5408.481110	1.506833	0.409685	5020.563477
5408.482049	1.464423	0.409685	6395.656250
5408.482915	1.427578	0.409685	7631.938965
5408.483955	1.385749	0.409685	9073.118164
5408.485001	0.697928	0.409685	9803.151367
5408.485870	0.104139	0.409685	9893.648437
5408.486823	0.098115	0.409685	9987.152344
5408.487868	0.098137	0.409685	10089.706055
5408.488794	0.098031	0.409685	10180.482422
5408.489660	0.098020	0.409685	10265.368164
5408.490707	0.098188	0.409685	10368.171875
5408.491710	0.098046	0.409685	10466.511719
5408.492602	0.097991	0.409685	10553.919922
5408.493569	0.098145	0.409685	10648.826172
5408.494614	0.098112	0.409685	10751.352539
5409.441736	1.080897	0.394539	469.109375
5409.442630	1.563164	0.394539	1866.578125
5409.443496	1.558689	0.394539	3216.402832
5409.444512	1.515384	0.394539	4756.033203
5409.445434	1.472860	0.394539	6114.010254
5409.446357	1.434181	0.394539	7437.759277
5409.447222	1.397399	0.394539	8646.508789
5409.448248	1.095923	0.394539	9770.925781
5409.449153	0.152640	0.394539	9909.065430
5409.450026	0.098002	0.394539	9994.621094
5409.451001	0.098101	0.394539	10090.269531
5409.451950	0.098079	0.394539	10183.345703
5409.452870	0.098115	0.394539	10273.611328
5409.453735	0.098082	0.394539	10358.452148
5409.454766	0.098177	0.394539	10459.672852
5409.455657	0.098115	0.394539	10547.093750
5409.456531	0.098090	0.394539	10632.824219
5409.457463	0.098053	0.394539	10724.209961
5410.533420	1.154084	0.414878	619.743347
5410.534489	1.570957	0.414878	2299.096436
5410.535380	1.546219	0.414878	3676.777832
5410.536255	1.505281	0.414878	4993.898437
5410.537345	1.458545	0.414878	6583.712402
5410.538321	1.417822	0.414878	7967.506836
5410.539204	1.382662	0.414878	9188.397461
5410.540214	0.633768	0.414878	9828.503906
5410.541260	0.099697	0.414878	9932.787109
5410.542150	0.098024	0.414878	10020.028320
5410.543038	0.098005	0.414878	10107.056641
5410.544130	0.098119	0.414878	10214.202148
5410.545089	0.098013	0.414878	10308.196289
5410.545957	0.097910	0.414878	10393.182617
5410.546992	0.098115	0.414878	10494.731445
5410.548026	0.098005	0.414878	10596.069336
5410.548912	0.098064	0.414878	10682.954102
5410.549840	0.098145	0.414878	10774.032227
5411.495360	1.063462	0.419659	456.225159
5411.496228	1.561091	0.419659	1811.252441
5411.497251	1.553701	0.419659	3400.688721
5411.498236	1.510367	0.419659	4888.400391
5411.499119	1.470469	0.419659	6186.824219
5411.499981	1.432148	0.419659	7421.335937
5411.501091	1.389576	0.419659	8963.765625
5411.501986	0.985726	0.419659	9845.990234
5411.502854	0.130701	0.419659	9959.438477
5411.503874	0.098064	0.419659	10059.463867
5411.504864	0.098002	0.419659	10156.485352
5411.505745	0.098112	0.419659	10242.921875
5411.506615	0.098013	0.419659	10328.193359
5411.507706	0.098156	0.419659	10435.281250
5411.508619	0.098009	0.419659	10524.763672
5411.509495	0.098174	0.419659	10610.763672
5411.510478	0.098079	0.419659	10707.174805
5411.511471	0.098053	0.419659	10804.541016
5412.586543	1.150016	0.421093	623.308594
5412.587593	1.570741	0.421093	2272.586426
5412.588511	1.545813	0.421093	3691.642578
5412.589382	1.505380	0.421093	5002.828125
5412.590483	1.458014	0.421093	6608.101562
5412.591452	1.417416	0.421093	7981.577148
5412.592335	1.382194	0.421093	9202.053711
5412.593366	0.596997	0.421093	9817.557617
5412.594403	0.099342	0.421093	9920.575195
5412.595283	0.098035	0.421093	10006.845703
5412.596171	0.097994	0.421093	10093.864258
5412.597258	0.098192	0.421093	10200.598633
5412.598211	0.098046	0.421093	10294.036133
5412.599071	0.098101	0.421093	10378.402344
5412.600107	0.098170	0.421093	10480.106445
5412.601131	0.098123	0.421093	10580.583984
5412.602002	0.097998	0.421093	10665.940430
5412.602919	0.098141	0.421093	10755.935547
5413.551085	1.115310	0.443475	529.772278
5413.551967	1.565559	0.443475	1910.595459
5413.552908	1.554415	0.443475	3373.300293
5413.553975	1.507299	0.443475	4981.587891
5413.554918	1.465276	0.443475	6363.342773
5413.555789	1.428212	0.443475	7607.315430
5413.556856	1.385566	0.443475	9085.714844
5413.557862	0.721802	0.443475	9811.847656
5413.558761	0.104275	0.443475	9905.590820
5413.559732	0.098203	0.443475	10000.946289
5413.560758	0.098119	0.443475	10101.616211
5413.561668	0.098210	0.443475	10190.987305
5413.562527	0.098156	0.443475	10275.302734
5413.563602	0.098254	0.443475	10380.925781
5413.564611	0.098104	0.443475	10479.913086
5413.565487	0.098068	0.443475	10565.820312
5413.566493	0.098214	0.443475	10664.624023
5413.567541	0.098134	0.443475	10767.467773
5414.638018	1.063345	0.442762	455.111542
5414.638895	1.562014	0.442762	1824.998047
5414.639760	1.559326	0.442762	3173.815186
5414.640825	1.514557	0.442762	4786.818359
5414.641709	1.473560	0.442762	6089.445312
5414.642584	1.436364	0.442762	7346.263672
5414.643466	1.398589	0.442762	8579.819336
5414.644518	1.116742	0.442762	9754.631836
5414.645398	0.160239	0.442762	9895.642578
5414.646274	0.098002	0.442762	9981.492187
5414.647252	0.098214	0.442762	10077.545898
5414.648193	0.098104	0.442762	10169.862305
5414.649113	0.098134	0.442762	10260.145508
5414.649980	0.098152	0.442762	10345.243164
5414.651020	0.098042	0.442762	10447.207031
5414.651910	0.098075	0.442762	10534.494141
5414.652781	0.098075	0.442762	10619.916992
5414.653756	0.098082	0.442762	10715.546875
5415.606811	1.145610	0.456510	579.678833
5415.607810	1.570583	0.456510	2148.691895
5415.608695	1.550273	0.456510	3520.683838
5415.609690	1.506284	0.456510	5019.436523
5415.610743	1.459944	0.456510	6556.757324
5415.611634	1.422111	0.456510	7823.857910
5415.612521	1.385087	0.456510	9052.429687
5415.613616	0.646780	0.456510	9760.653320
5415.614576	0.100514	0.456510	9857.146484
5415.615441	0.097943	0.456510	9941.867187
5415.616474	0.098221	0.456510	10043.330078
5415.617507	0.098046	0.456510	10144.611328
5415.618405	0.098038	0.456510	10232.649414
5415.619337	0.098115	0.456510	10324.092773
5415.620389	0.098145	0.456510	10427.340820
5415.621332	0.098093	0.456510	10519.842773
5415.622196	0.098126	0.456510	10604.624023
5415.623236	0.098156	0.456510	10706.706055
5416.689085	1.059423	0.469844	448.135773
5416.690095	1.565654	0.469844	2029.446533
5416.691073	1.550281	0.469844	3545.621094
5416.691939	1.511144	0.469844	4854.271484
5416.692808	1.469740	0.469844	6131.475586
5416.693938	1.424930	0.469844	7741.646973
5416.694843	1.387899	0.469844	8997.695312
5416.695717	0.993080	0.469844	9865.647461
5416.696746	0.114844	0.469844	9983.821289
5416.697718	0.098035	0.469844	10079.111328
5416.698591	0.098075	0.469844	10164.730469
5416.699449	0.098163	0.469844	10248.954102
5416.700553	0.098174	0.469844	10357.337891
5416.701455	0.098123	0.469844	10445.844727
5416.702329	0.098086	0.469844	10531.572266
5416.703338	0.098262	0.469844	10630.718750
5416.704324	0.098071	0.469844	10727.416992
5416.705204	0.098075	0.469844	10813.722656
5417.662473	1.101639	0.466368	555.226257
5417.663529	1.569510	0.466368	2212.629395
5417.664468	1.546230	0.466368	3664.539795
5417.665334	1.506995	0.466368	4969.597168
5417.666383	1.460892	0.466368	6502.073242
5417.667397	1.418584	0.466368	7940.517578
5417.668269	1.383076	0.466368	9146.560547
5417.669240	0.720403	0.466368	9846.071289
5417.670293	0.100481	0.466368	9951.877930
5417.671216	0.098020	0.466368	10042.350586
5417.672087	0.098060	0.466368	10127.760742
5417.673142	0.098086	0.466368	10231.241211
5417.674141	0.098009	0.466368	10329.152344
5417.675028	0.098027	0.466368	10416.102539
5417.675996	0.098163	0.466368	10511.124023
5417.677032	0.098071	0.466368	10612.725586
5417.677950	0.098031	0.466368	10702.717773
5417.678815	0.098005	0.466368	10787.492187
5418.740226	1.127732	0.494151	555.971863
5418.741138	1.567866	0.494151	1985.865723
5418.742011	1.554001	0.494151	3342.509033
5418.743102	1.506929	0.494151	4986.568359
5418.744102	1.462064	0.494151	6448.632812
5418.744992	1.424967	0.494151	7716.853516
5418.745991	1.385024	0.494151	9100.493164
5418.747056	0.648281	0.494151	9790.913086
5418.747951	0.101642	0.494151	9881.882812
5418.748815	0.098097	0.494151	9966.638672
5418.749924	0.098159	0.494151	10075.497070
5418.750883	0.098082	0.494151	10169.557617
5418.751750	0.098152	0.494151	10254.655273
5418.752806	0.098159	0.494151	10358.311523
5418.753836	0.098046	0.494151	10459.298828
5418.754719	0.098082	0.494151	10545.905273
5418.755640	0.098167	0.494151	10636.316406
5418.756697	0.098137	0.494151	10740.047852
5419.720235	1.169363	0.499247	618.592896
5419.721137	1.568987	0.499247	2033.818970
5419.721999	1.552643	0.499247	3372.197266
5419.723082	1.506423	0.499247	5003.653809
5419.724078	1.461837	0.499247	6459.643555
5419.724961	1.425220	0.499247	7718.112305
5419.725967	1.385134	0.499247	9111.557617
5419.727013	0.668895	0.499247	9811.221680
5419.727892	0.102880	0.499247	9901.653320
5419.728781	0.098038	0.499247	9988.809570
5419.729867	0.098177	0.499247	10095.430664
5419.730828	0.098064	0.499247	10189.669922
5419.731696	0.098225	0.499247	10274.929687
5419.732705	0.098196	0.499247	10374.008789
5419.733749	0.098108	0.499247	10476.433594
5419.734641	0.098112	0.499247	10563.949219
5419.735566	0.098196	0.499247	10654.780273
5419.736614	0.098170	0.499247	10757.663086
5420.790291	1.143087	0.504057	574.972839
5420.791174	1.566914	0.504057	1958.557861
5420.792092	1.553093	0.504057	3384.297363
5420.793180	1.505731	0.504057	5022.533203
5420.794122	1.463701	0.504057	6401.339844
5420.794983	1.427036	0.504057	7630.017578
5420.796017	1.385039	0.504057	9062.148437
5420.797066	0.694592	0.504057	9790.775391
5420.797941	0.103759	0.504057	9881.564453
5420.798892	0.098064	0.504057	9974.823242
5420.799950	0.098101	0.504057	10078.613281
5420.800872	0.098020	0.504057	10168.987305
5420.801740	0.098167	0.504057	10254.196289
5420.802807	0.098093	0.504057	10358.861328
5420.803808	0.098137	0.504057	10457.096680
5420.804705	0.098101	0.504057	10545.092773
5420.805673	0.098207	0.504057	10640.157227
5420.806724	0.098203	0.504057	10743.369141
5421.775292	1.061825	0.532613	451.275635
5421.776212	1.560366	0.532613	1886.812500
5421.777217	1.552039	0.532613	3446.611328
5421.778124	1.511389	0.532613	4817.441406
5421.779025	1.471212	0.532613	6143.003418
5421.780033	1.429614	0.532613	7584.054687
5421.780948	1.391038	0.532613	8856.854492
5421.781883	1.040486	0.532613	9829.708984
5421.782748	0.140120	0.532613	9950.912109
5421.783799	0.097976	0.532613	10053.884766
5421.784682	0.098020	0.532613	10140.436523
5421.785547	0.098108	0.532613	10225.299805
5421.786531	0.098079	0.532613	10321.809570
5421.787448	0.098002	0.532613	10411.676758
5421.788354	0.098196	0.532613	10500.642578
5421.789231	0.097991	0.532613	10586.580078
5421.790273	0.098002	0.532613	10688.698242
5421.791165	0.097991	0.532613	10776.106445
5422.842911	1.149532	0.513898	585.112000
5422.843870	1.569683	0.513898	2090.437500
5422.844735	1.552200	0.513898	3433.090332
5422.845795	1.505881	0.513898	5029.324219
5422.846823	1.460105	0.513898	6530.312012
5422.847706	1.422942	0.513898	7786.769531
5422.848655	1.385090	0.513898	9101.220703
5422.849708	0.663267	0.513898	9799.640625
5422.850636	0.101576	0.513898	9893.903320
5422.851494	0.098086	0.513898	9978.061523
5422.852539	0.098057	0.513898	10080.530273
5422.853549	0.098196	0.513898	10179.708008
5422.854434	0.098130	0.513898	10266.552734
5422.855392	0.098284	0.513898	10360.708984
5422.856438	0.098188	0.513898	10463.414062
5422.857359	0.098152	0.513898	10553.811523
5422.858231	0.098134	0.513898	10639.383789
5422.859307	0.098207	0.513898	10745.054687
5423.830475	1.071215	0.567942	465.978333
5423.831347	1.561714	0.567942	1827.792725
5423.832280	1.556437	0.567942	3279.948242
5423.833320	1.511418	0.567942	4851.823242
5423.834205	1.471077	0.567942	6153.726074
5423.835065	1.434390	0.567942	7387.301270
5423.836094	1.392019	0.567942	8819.688477
5423.837075	1.010501	0.567942	9810.989258
5423.837948	0.132722	0.567942	9926.855469
5423.838833	0.097994	0.567942	10013.580078
5423.839919	0.098090	0.567942	10120.105469
5423.840813	0.098108	0.567942	10207.813477
5423.841683	0.098093	0.567942	10293.154297
5423.842743	0.098181	0.567942	10397.226562
5423.843714	0.098053	0.567942	10492.435547
5423.844588	0.098141	0.567942	10578.210937
5423.845469	0.098148	0.567942	10664.679687
5423.846559	0.098031	0.567942	10771.533203
5424.896528	1.139919	0.542471	568.819763
5424.897408	1.566727	0.542471	1947.539795
5424.898318	1.553650	0.542471	3361.361328
5424.899402	1.506255	0.542471	4994.141602
5424.900355	1.463957	0.542471	6389.292969
5424.901218	1.427186	0.542471	7620.954590
5424.902266	1.385427	0.542471	9072.882812
5424.903300	0.701495	0.542471	9798.228516
5424.904182	0.103923	0.542471	9889.888672
5424.905134	0.098093	0.542471	9983.273437
5424.906180	0.098016	0.542471	10085.798828
5424.907109	0.098002	0.542471	10176.842773
5424.907976	0.098020	0.542471	10261.826172
5424.909015	0.098137	0.542471	10363.791016
5424.910016	0.098064	0.542471	10461.953125
5424.910903	0.098068	0.542471	10548.939453
5424.911862	0.098130	0.542471	10643.045898
5424.912923	0.098071	0.542471	10747.099609
5425.884606	1.073328	0.578327	456.164246
5425.885672	1.566995	0.578327	2126.580566
5425.886678	1.545674	0.578327	3681.528320
5425.887555	1.506050	0.578327	5002.333984
5425.888539	1.462493	0.578327	6441.426758
5425.889605	1.418123	0.578327	7953.145508
5425.890509	1.381399	0.578327	9201.929687
5425.891381	0.765853	0.578327	9869.753906
5425.892468	0.101169	0.578327	9979.724609
5425.893431	0.098016	0.578327	10074.114258
5425.894313	0.098104	0.578327	10160.642578
5425.895306	0.098101	0.578327	10258.056641
5425.896356	0.098174	0.578327	10361.138672
5425.897244	0.097987	0.578327	10448.151367
5425.898113	0.098082	0.578327	10533.384766
5425.899211	0.098137	0.578327	10641.139648
5425.900178	0.098068	0.578327	10735.970703
5425.901043	0.098145	0.578327	10820.865234
5426.947549	1.109205	0.575865	510.234406
5426.948445	1.565131	0.575865	1912.591431
5426.949435	1.552291	0.575865	3449.359863
5426.950364	1.510367	0.575865	4852.491211
5426.951290	1.469205	0.575865	6212.975586
5426.952159	1.431453	0.575865	7456.908203
5426.953190	1.390719	0.575865	8890.739258
5426.954071	1.069391	0.575865	9832.873047
5426.954954	0.146770	0.575865	9962.470703
5426.955947	0.098119	0.575865	10059.902344
5426.956887	0.098104	0.575865	10152.120117
5426.957787	0.098057	0.575865	10240.371094
5426.958663	0.098148	0.575865	10326.348633
5426.959670	0.098126	0.575865	10425.162109
5426.960565	0.098082	0.575865	10512.945312
5426.961439	0.098115	0.575865	10598.698242
5426.962360	0.098123	0.575865	10689.069336
5426.963370	0.098137	0.575865	10788.187500
5427.938832	1.139550	0.573457	573.193481
5427.939818	1.570166	0.573457	2121.377197
5427.940713	1.550193	0.573457	3508.799805
5427.941696	1.506680	0.573457	4989.865723
5427.942763	1.459753	0.573457	6547.422852
5427.943670	1.421038	0.573457	7836.303711
5427.944541	1.384548	0.573457	9042.245117
5427.945652	0.638079	0.573457	9751.150391
5427.946611	0.100353	0.573457	9847.388672
5427.947468	0.098024	0.573457	9931.394531
5427.948540	0.098218	0.573457	10036.683594
5427.949566	0.098156	0.573457	10137.391602
5427.950445	0.098141	0.573457	10223.657227
5427.951357	0.098218	0.573457	10313.231445
5427.952423	0.098108	0.573457	10417.814453
5427.953368	0.098049	0.573457	10510.470703
5427.954225	0.098167	0.573457	10594.599609
5427.955246	0.098115	0.573457	10694.775391
5429.001732	1.097556	0.604136	546.582947
5429.002781	1.570203	0.604136	2193.725586
5429.003676	1.547919	0.604136	3579.112793
5429.004545	1.509009	0.604136	4890.441406
5429.005590	1.462822	0.604136	6419.090820
5429.006556	1.422411	0.604136	7793.139648
5429.007439	1.386522	0.604136	9017.438477
5429.008344	0.879338	0.604136	9813.239258
5429.009428	0.105406	0.604136	9927.500000
5429.010303	0.098035	0.604136	10013.280273
5429.011169	0.097998	0.604136	10098.146484
5429.012179	0.098112	0.604136	10197.239258
5429.013140	0.098046	0.604136	10291.460937
5429.014018	0.097969	0.604136	10377.477539
5429.014879	0.098082	0.604136	10461.926758
5429.015994	0.097965	0.604136	10571.158203
5429.016896	0.098020	0.604136	10659.572266
5429.017771	0.098115	0.604136	10745.422852
5429.991954	1.139176	0.552026	568.448853
5429.992969	1.570382	0.552026	2162.386719
5429.993845	1.549665	0.552026	3519.893555
5429.994867	1.504958	0.552026	5057.960937
5429.995911	1.458779	0.552026	6580.926270
5429.996807	1.420690	0.552026	7853.864258
5429.997669	1.384036	0.552026	9046.903320
5429.998773	0.646915	0.552026	9761.097656
5429.999732	0.100331	0.552026	9857.314453
5430.000597	0.098020	0.552026	9942.101562
5430.001660	0.098232	0.552026	10046.522461
5430.002700	0.098071	0.552026	10148.516602
5430.003590	0.098071	0.552026	10235.799805
5430.004515	0.098152	0.552026	10326.589844
5430.005569	0.098163	0.552026	10430.053711
5430.006520	0.098068	0.552026	10523.316406
5430.007386	0.098104	0.552026	10608.274414
5430.008420	0.098210	0.552026	10709.824219
5431.055387	1.154766	0.613832	587.775696
5431.056347	1.569459	0.613832	2094.456543
5431.057214	1.552068	0.613832	3440.099365
5431.058260	1.505812	0.613832	5015.178711
5431.059298	1.459728	0.613832	6530.375977
5431.060181	1.422422	0.613832	7786.374512
5431.061115	1.384940	0.613832	9079.908203
5431.062182	0.662058	0.613832	9786.324219
5431.063116	0.101246	0.613832	9880.888672
5431.063978	0.098064	0.613832	9965.419922
5431.065033	0.098112	0.613832	10068.927734
5431.066045	0.097877	0.613832	10167.979492
5431.066917	0.098046	0.613832	10253.475586
5431.067858	0.098123	0.613832	10345.808594
5431.068920	0.098112	0.613832	10450.002930
5431.069841	0.098053	0.613832	10540.309570
5431.070711	0.098064	0.613832	10625.625000
5431.071767	0.098108	0.613832	10729.226562
5432.045076	1.146039	0.566290	576.457520
5432.046073	1.570364	0.566290	2142.110352
5432.046970	1.549241	0.566290	3531.779297
5432.047951	1.505775	0.566290	5008.944824
5432.049009	1.459021	0.566290	6552.588867
5432.049915	1.420961	0.566290	7839.979492
5432.050784	1.384131	0.566290	9042.789062
5432.051908	0.620310	0.566290	9740.017578
5432.052870	0.099862	0.566290	9836.084961
5432.053737	0.097950	0.566290	9921.007812
5432.054815	0.098090	0.566290	10026.748047
5432.055837	0.098002	0.566290	10126.906250
5432.056718	0.098082	0.566290	10213.316406
5432.057642	0.097961	0.566290	10303.833008
5432.058695	0.098079	0.566290	10407.109375
5432.059640	0.098057	0.566290	10499.772461
5432.060499	0.098060	0.566290	10584.005859
5432.061552	0.098126	0.566290	10687.333008
5433.110460	1.067816	0.625273	452.754028
5433.111515	1.566720	0.625273	2105.643555
5433.112540	1.545238	0.625273	3689.512695
5433.113421	1.505482	0.625273	5015.842773
5433.114377	1.462804	0.625273	6414.283203
5433.115458	1.418181	0.625273	7947.336914
5433.116360	1.381205	0.625273	9193.183594
5433.117238	0.774163	0.625273	9872.898437
5433.118305	0.101906	0.625273	9981.631836
5433.119295	0.098005	0.625273	10078.657227
5433.120184	0.097965	0.625273	10165.748047
5433.121156	0.098145	0.625273	10261.144531
5433.122191	0.098097	0.625273	10362.674805
5433.123099	0.098046	0.625273	10451.700195
5433.123964	0.097998	0.625273	10536.468750
5433.125048	0.098031	0.625273	10642.734375
5433.126037	0.097972	0.625273	10739.628906
5433.126932	0.098104	0.625273	10827.432617
5434.099661	1.092543	0.603552	481.811371
5434.100584	1.565153	0.603552	1926.447266
5434.101456	1.554833	0.603552	3282.261475
5434.102506	1.510107	0.603552	4867.874023
5434.103401	1.469634	0.603552	6183.196289
5434.104278	1.432654	0.603552	7439.633789
5434.105296	1.392532	0.603552	8857.231445
5434.106234	1.033488	0.603552	9826.642578
5434.107157	0.132850	0.603552	9949.263672
5434.108020	0.097921	0.603552	10033.769531
5434.109048	0.098079	0.603552	10134.594727
5434.109923	0.097958	0.603552	10220.307617
5434.110797	0.098038	0.603552	10305.993164
5434.111760	0.098060	0.603552	10400.424805
5434.112724	0.097965	0.603552	10494.863281
5434.113632	0.098009	0.603552	10583.855469
5434.114503	0.097976	0.603552	10669.192383
5434.115536	0.097983	0.603552	10770.409180
5435.165201	1.131947	0.634010	576.161072
5435.166124	1.568042	0.634010	2023.463867
5435.166985	1.553002	0.634010	3360.598389
5435.168038	1.506823	0.634010	4947.282715
5435.169051	1.461537	0.634010	6427.819336
5435.169945	1.424579	0.634010	7701.392578
5435.170919	1.385486	0.634010	9050.855469
5435.171990	0.668826	0.634010	9767.167969
5435.172900	0.101957	0.634010	9859.948242
5435.173762	0.097994	0.634010	9944.418945
5435.174854	0.098152	0.634010	10051.600586
5435.175846	0.097983	0.634010	10148.799805
5435.176738	0.097987	0.634010	10236.204102
5435.177715	0.098130	0.634010	10332.077148
5435.178751	0.098024	0.634010	10433.629883
5435.179650	0.098075	0.634010	10521.798828
5435.180510	0.098123	0.634010	10606.184570
5435.181605	0.098090	0.634010	10713.592773
5436.152281	1.101848	0.636959	499.137207
5436.153169	1.563798	0.636959	1887.789429
5436.154049	1.556602	0.636959	3257.598633
5436.155040	1.513923	0.636959	4757.896484
5436.155987	1.470498	0.636959	6150.458008
5436.156918	1.431324	0.636959	7483.020996
5436.157786	1.395293	0.636959	8694.134766
5436.158842	1.034799	0.636959	9786.881836
5436.159724	0.138032	0.636959	9908.625977
5436.160591	0.097826	0.636959	9993.441406
5436.161530	0.098093	0.636959	10085.550781
5436.162495	0.097932	0.636959	10180.055664
5436.163418	0.097980	0.636959	10270.491211
5436.164294	0.098005	0.636959	10356.343750
5436.165296	0.098090	0.636959	10454.629883
5436.166204	0.097855	0.636959	10543.482422
5436.167084	0.098046	0.636959	10629.762695
5436.167943	0.097950	0.636959	10713.902344
5437.219269	1.073284	0.655526	465.805115
5437.220135	1.560765	0.655526	1817.427979
5437.221228	1.549361	0.655526	3510.879883
5437.222230	1.504468	0.655526	5018.356445
5437.223129	1.464741	0.655526	6335.158691
5437.224089	1.424597	0.655526	7702.771973
5437.225143	1.382479	0.655526	9159.905273
5437.226054	0.771222	0.655526	9862.488281
5437.226918	0.107937	0.655526	9955.746094
5437.228009	0.098042	0.655526	10062.709961
5437.228970	0.097958	0.655526	10156.847656
5437.229839	0.098038	0.655526	10242.042969
5437.230849	0.098068	0.655526	10341.090820
5437.231900	0.097961	0.655526	10444.047852
5437.232778	0.098020	0.655526	10530.109375
5437.233645	0.097954	0.655526	10615.035156
5437.234731	0.098119	0.655526	10721.591797
5437.235687	0.098027	0.655526	10815.305664
5438.206412	1.083223	0.663586	473.368286
5438.207276	1.560894	0.663586	1821.980347
5438.208389	1.549277	0.663586	3546.325928
5438.209287	1.508529	0.663586	4900.984863
5438.210157	1.469583	0.663586	6179.521484
5438.211169	1.427867	0.663586	7624.523437
5438.212171	1.386786	0.663586	9014.083008
5438.213054	0.951735	0.663586	9854.464844
5438.213918	0.124504	0.663586	9962.037109
5438.215030	0.098020	0.663586	10071.035156
5438.215945	0.098020	0.663586	10160.723633
5438.216818	0.098119	0.663586	10246.381836
5438.217804	0.098064	0.663586	10343.073242
5438.218794	0.097994	0.663586	10440.087891
5438.219681	0.098060	0.663586	10527.067383
5438.220540	0.098068	0.663586	10611.307617
5438.221632	0.098031	0.663586	10718.357422
5438.222546	0.097950	0.663586	10807.883789
5439.272890	1.057797	0.683003	446.390167
5439.273870	1.561498	0.683003	1976.657959
5439.274929	1.546809	0.683003	3614.728760
5439.275836	1.505962	0.683003	4980.636230
5439.276703	1.465474	0.683003	6251.202148
5439.277809	1.420924	0.683003	7822.744141
5439.278781	1.381421	0.683003	9165.485352
5439.279673	0.790873	0.683003	9870.944336
5439.280673	0.105498	0.683003	9976.442383
5439.281725	0.098101	0.683003	10079.644531
5439.282616	0.098082	0.683003	10167.036133
5439.283502	0.098064	0.683003	10253.920898
5439.284578	0.098005	0.683003	10359.375000
5439.285532	0.098024	0.683003	10452.889648
5439.286397	0.097987	0.683003	10537.648437
5439.287428	0.098192	0.683003	10638.884766
5439.288448	0.097961	0.683003	10738.805664
5439.289329	0.098071	0.683003	10825.206055
5440.260036	1.069896	0.684582	456.845673
5440.261073	1.565735	0.684582	2080.512695
5440.262057	1.547556	0.684582	3603.308105
5440.262935	1.507815	0.684582	4927.169434
5440.263823	1.466682	0.684582	6229.583008
5440.264935	1.422378	0.684582	7811.267578
5440.265819	1.385969	0.684582	9036.464844
5440.266690	0.957832	0.684582	9870.736328
5440.267755	0.110947	0.684582	9988.895508
5440.268709	0.098009	0.684582	10082.396484
5440.269585	0.098024	0.684582	10168.265625
5440.270443	0.098016	0.684582	10252.363281
5440.271544	0.098086	0.684582	10360.355469
5440.272450	0.098009	0.684582	10449.151367
5440.273329	0.098079	0.684582	10535.362305
5440.274316	0.098005	0.684582	10632.093750
5440.275303	0.097965	0.684582	10728.785156
5440.276195	0.097983	0.684582	10816.186523
5441.327172	1.187538	0.703628	660.270996
5441.328225	1.570287	0.703628	2313.783203
5441.329119	1.544612	0.703628	3694.666016
5441.330043	1.503098	0.703628	5083.528809
5441.331107	1.456344	0.703628	6633.079102
5441.332052	1.417280	0.703628	7972.409180
5441.332918	1.381882	0.703628	9169.119141
5441.333983	0.603911	0.703628	9812.284180
5441.335003	0.099203	0.703628	9913.470703
5441.335886	0.097991	0.703628	9999.996094
5441.336841	0.098027	0.703628	10093.612305
5441.337895	0.097969	0.703628	10196.871094
5441.338810	0.098049	0.703628	10286.585937
5441.339675	0.097987	0.703628	10371.344727
5441.340709	0.097983	0.703628	10472.659180
5441.341723	0.098068	0.703628	10572.099609
5441.342615	0.097950	0.703628	10659.471680
5441.343588	0.097983	0.703628	10754.809570
5442.314263	1.141150	0.700743	578.562988
5442.315212	1.568694	0.700743	2067.253418
5442.316075	1.552354	0.700743	3406.934570
5442.317094	1.506855	0.700743	4942.420410
5442.318146	1.460563	0.700743	6478.932617
5442.319037	1.422898	0.700743	7746.734375
5442.319972	1.385369	0.700743	9042.053711
5442.321034	0.685873	0.700743	9770.450195
5442.321975	0.101642	0.700743	9866.094727
5442.322846	0.098020	0.700743	9951.469727
5442.323885	0.098101	0.700743	10053.396484
5442.324913	0.098009	0.700743	10154.149414
5442.325804	0.097991	0.700743	10241.458984
5442.326754	0.098060	0.700743	10334.616211
5442.327803	0.098090	0.700743	10437.511719
5442.328730	0.098064	0.700743	10528.416992
5442.329594	0.098079	0.700743	10613.157227
5442.330663	0.098145	0.700743	10718.074219
5443.380175	1.082871	0.722525	473.214661
5443.381040	1.561538	0.722525	1823.945068
5443.382005	1.553829	0.722525	3323.390381
5443.382926	1.513564	0.722525	4717.383301
5443.383824	1.473080	0.722525	6040.208984
5443.384774	1.433555	0.722525	7402.085937
5443.385721	1.394597	0.722525	8722.769531
5443.386652	1.145618	0.722525	9789.339844
5443.387517	0.169493	0.722525	9935.951172
5443.388495	0.097848	0.722525	10031.646484
5443.389409	0.097947	0.722525	10121.169922
5443.390283	0.098141	0.722525	10206.945312
5443.391405	0.098016	0.722525	10316.919922
5443.392285	0.098009	0.722525	10403.167969
5443.393187	0.098097	0.722525	10491.651367
5443.394063	0.098038	0.722525	10577.533203
5443.395020	0.097994	0.722525	10671.313477
5443.395942	0.098101	0.722525	10761.762695
5444.368325	1.065487	0.720639	462.421417
5444.369197	1.561245	0.720639	1823.827148
5444.370226	1.551738	0.720639	3420.565918
5444.371276	1.505479	0.720639	5001.318359
5444.372169	1.465254	0.720639	6309.790039
5444.373105	1.425981	0.720639	7644.508789
5444.374178	1.382769	0.720639	9128.219727
5444.375139	0.732184	0.720639	9831.848633
5444.376004	0.106245	0.720639	9923.750977
5444.377071	0.098075	0.720639	10028.396484
5444.378084	0.098123	0.720639	10127.794922
5444.378968	0.098137	0.720639	10214.547852
5444.379928	0.098159	0.720639	10308.780273
5444.380962	0.098181	0.720639	10410.299805
5444.381885	0.098013	0.720639	10500.765625
5444.382747	0.098119	0.720639	10585.343750
5444.383817	0.098221	0.720639	10690.440430
5444.384824	0.098002	0.720639	10789.127930
5445.434374	1.122634	0.733747	557.949219
5445.435273	1.566676	0.733747	1966.390991
5445.436139	1.554657	0.733747	3312.724121
5445.437247	1.505618	0.733747	4980.948242
5445.438222	1.462420	0.733747	6406.807129
5445.439103	1.425352	0.733747	7662.541992
5445.439989	1.388156	0.733747	8892.448242
5445.441105	0.772592	0.733747	9754.660156
5445.441987	0.106794	0.733747	9848.852539
5445.442846	0.098020	0.733747	9933.051758
5445.443893	0.098188	0.733747	10035.855469
5445.444854	0.098090	0.733747	10130.119141
5445.445721	0.098090	0.733747	10215.163086
5445.446578	0.098079	0.733747	10299.216797
5445.447676	0.098079	0.733747	10406.907227
5445.448590	0.098016	0.733747	10496.494141
5445.449462	0.098097	0.733747	10582.034180
5445.450450	0.098053	0.733747	10678.910156
5446.422456	1.063297	0.730207	449.774689
5446.423513	1.566724	0.730207	2105.801514
5446.424524	1.545465	0.730207	3668.266602
5446.425417	1.504966	0.730207	5012.201172
5446.426397	1.462328	0.730207	6445.282227
5446.427446	1.418086	0.730207	7932.854492
5446.428367	1.380945	0.730207	9204.705078
5446.429237	0.777202	0.730207	9880.871094
5446.430292	0.102374	0.730207	9988.875977
5446.431292	0.097983	0.730207	10086.859375
5446.432169	0.098042	0.730207	10172.841797
5446.433149	0.098068	0.730207	10268.948242
5446.434214	0.098101	0.730207	10373.425781
5446.435104	0.097983	0.730207	10460.630859
5446.435970	0.098013	0.730207	10545.509766
5446.437052	0.098005	0.730207	10651.551758
5446.438043	0.097972	0.730207	10748.642578
5446.438934	0.098024	0.730207	10835.981445
5447.486542	1.202651	0.746030	689.119263
5447.487601	1.570195	0.746030	2351.956055
5447.488495	1.543733	0.746030	3732.053223
5447.489418	1.501912	0.746030	5118.317383
5447.490501	1.454630	0.746030	6693.681641
5447.491441	1.415391	0.746030	8024.148926
5447.492308	1.380253	0.746030	9220.828125
5447.493347	0.582008	0.746030	9825.534180
5447.494373	0.099009	0.746030	9927.117187
5447.495254	0.098016	0.746030	10013.469727
5447.496217	0.098108	0.746030	10107.947266
5447.497266	0.098090	0.746030	10210.842773
5447.498191	0.098068	0.746030	10301.555664
5447.499047	0.098093	0.746030	10385.523437
5447.500071	0.098134	0.746030	10486.011719
5447.501090	0.098038	0.746030	10585.913086
5447.501980	0.098101	0.746030	10673.222656
5447.502943	0.098159	0.746030	10767.750000
5448.477676	1.110916	0.743444	523.241211
5448.478554	1.563966	0.743444	1896.403442
5448.479423	1.555730	0.743444	3248.332764
5448.480471	1.510107	0.743444	4830.925293
5448.481408	1.468165	0.743444	6206.596191
5448.482285	1.431149	0.743444	7461.713379
5448.483240	1.392920	0.743444	8791.952148
5448.484295	0.941792	0.743444	9785.542969
5448.485186	0.119612	0.743444	9892.117187
5448.486045	0.097950	0.743444	9976.256836
5448.487092	0.098009	0.743444	10078.872070
5448.488029	0.097991	0.743444	10170.689453
5448.488897	0.098097	0.743444	10255.837891
5448.489835	0.098115	0.743444	10347.870117
5448.490877	0.098075	0.743444	10450.064453
5448.491756	0.098082	0.743444	10536.278320
5448.492612	0.098068	0.743444	10620.224609
5448.493629	0.098177	0.743444	10720.071289
5449.540619	1.127450	0.767247	565.979858
5449.541505	1.566489	0.767247	1953.889404
5449.542371	1.553071	0.767247	3298.849121
5449.543476	1.505786	0.767247	4962.742676
5449.544456	1.462533	0.767247	6396.024902
5449.545327	1.425857	0.767247	7637.946289
5449.546357	1.384314	0.767247	9063.790039
5449.547401	0.688553	0.767247	9782.639648
5449.548294	0.102740	0.767247	9874.386719
5449.549201	0.098057	0.767247	9963.324219
5449.550277	0.098123	0.767247	10068.904297
5449.551233	0.098013	0.767247	10162.604492
5449.552095	0.098104	0.767247	10247.169922
5449.553141	0.098214	0.767247	10349.902344
5449.554159	0.098035	0.767247	10449.701172
5449.555045	0.098123	0.767247	10536.637695
5449.555987	0.098090	0.767247	10629.038086
5449.557029	0.098141	0.767247	10731.300781
5450.531776	1.066941	0.752826	454.516815
5450.532757	1.562285	0.752826	1987.118530
5450.533819	1.546340	0.752826	3629.332031
5450.534728	1.505134	0.752826	4997.499023
5450.535593	1.464957	0.752826	6264.687012
5450.536696	1.420510	0.752826	7831.509766
5450.537671	1.381293	0.752826	9178.270508
5450.538546	0.802767	0.752826	9880.692383
5450.539620	0.102660	0.752826	9990.949219
5450.540645	0.097972	0.752826	10091.371094
5450.541530	0.098053	0.752826	10178.148437
5450.542453	0.098177	0.752826	10268.766602
5450.543505	0.098002	0.752826	10371.864258
5450.544453	0.098075	0.752826	10464.838867
5450.545315	0.097976	0.752826	10549.293945
5450.546364	0.098203	0.752826	10652.308594
5450.547385	0.097914	0.752826	10752.278320
5450.548264	0.097998	0.752826	10838.418945
5451.593281	1.173666	0.786506	634.953186
5451.594247	1.569712	0.786506	2151.294922
5451.595122	1.549116	0.786506	3506.771484
5451.595986	1.508496	0.786506	4810.112305
5451.597102	1.461449	0.786506	6441.089355
5451.598017	1.423136	0.786506	7743.258789
5451.598885	1.387800	0.786506	8947.869141
5451.599931	0.790986	0.786506	9775.241211
5451.600909	0.103140	0.786506	9876.111328
5451.601783	0.097972	0.786506	9961.739258
5451.602646	0.098112	0.786506	10046.409180
5451.603756	0.098046	0.786506	10155.240234
5451.604647	0.098031	0.786506	10242.585937
5451.605515	0.098079	0.786506	10327.717773
5451.606520	0.098141	0.786506	10426.349609
5451.607509	0.098053	0.786506	10523.324219
5451.608398	0.098086	0.786506	10610.522461
5451.609253	0.098152	0.786506	10694.442383
5452.586047	1.187750	0.768040	658.013611
5452.587102	1.570056	0.768040	2314.422852
5452.587989	1.544637	0.768040	3684.516113
5452.588909	1.502970	0.768040	5067.248535
5452.589989	1.455894	0.768040	6639.613281
5452.590939	1.416581	0.768040	7985.365234
5452.591802	1.381157	0.768040	9177.303711
5452.592857	0.599648	0.768040	9809.932617
5452.593887	0.099097	0.768040	9912.001953
5452.594758	0.098016	0.768040	9997.374023
5452.595709	0.098097	0.768040	10090.664062
5452.596762	0.098086	0.768040	10193.948242
5452.597686	0.097994	0.768040	10284.495117
5452.598550	0.098093	0.768040	10369.248047
5452.599601	0.098232	0.768040	10472.490234
5452.600598	0.097928	0.768040	10570.125000
5452.601488	0.097991	0.768040	10657.336914
5452.602447	0.098090	0.768040	10751.405273
5453.646362	1.150349	0.802958	579.775940
5453.647340	1.569836	0.802958	2115.075928
5453.648224	1.549999	0.802958	3485.274902
5453.649258	1.504329	0.802958	5040.750977
5453.650290	1.458867	0.802958	6546.301758
5453.651171	1.421353	0.802958	7798.513184
5453.652064	1.384431	0.802958	9034.810547
5453.653155	0.671367	0.802958	9767.272461
5453.654106	0.100979	0.802958	9863.303711
5453.654966	0.098009	0.802958	9947.591797
5453.656001	0.098119	0.802958	10049.144531
5453.657031	0.098031	0.802958	10150.116211
5453.657900	0.098046	0.802958	10235.318359
5453.658824	0.098101	0.802958	10325.962891
5453.659893	0.098141	0.802958	10430.875000
5453.660838	0.097998	0.802958	10523.483398
5453.661711	0.098108	0.802958	10609.131836
5453.662755	0.098145	0.802958	10711.594727
5454.641621	1.082999	0.782148	479.768646
5454.642481	1.561630	0.782148	1822.770142
5454.643525	1.551577	0.782148	3442.616699
5454.644413	1.511506	0.782148	4784.834473
5454.645295	1.471718	0.782148	6082.889648
5454.646190	1.432639	0.782148	7365.101562
5454.647239	1.390994	0.782148	8824.253906
5454.648141	1.076957	0.782148	9795.668945
5454.649021	0.147360	0.782148	9925.345703
5454.650041	0.097855	0.782148	10025.158203
5454.650952	0.097980	0.782148	10114.417969
5454.651875	0.098064	0.782148	10204.930664
5454.652733	0.098049	0.782148	10289.056641
5454.653770	0.098079	0.782148	10390.763672
5454.654652	0.098112	0.782148	10477.297852
5454.655520	0.097947	0.782148	10562.315430
5454.656496	0.098038	0.782148	10658.000977
5454.657435	0.098016	0.782148	10750.038086
5455.697858	1.065128	0.806314	453.744629
5455.698842	1.561315	0.806314	1990.078247
5455.699881	1.546937	0.806314	3597.346191
5455.700796	1.505687	0.806314	4975.049805
5455.701658	1.465825	0.806314	6238.591309
5455.702744	1.421770	0.806314	7782.633789
5455.703739	1.381516	0.806314	9157.242187
5455.704630	0.804075	0.806314	9873.672852
5455.705635	0.107622	0.806314	9981.833008
5455.706665	0.098005	0.806314	10082.778320
5455.707545	0.098031	0.806314	10169.045898
5455.708409	0.097987	0.806314	10253.707031
5455.709503	0.098112	0.806314	10361.041016
5455.710460	0.098057	0.806314	10454.880859
5455.711343	0.098057	0.806314	10541.464844
5455.712332	0.098188	0.806314	10638.573242
5455.713390	0.098049	0.806314	10742.309570
5455.714277	0.097980	0.806314	10829.217773
5456.696344	1.140297	0.805375	576.990112
5456.697273	1.567965	0.805375	2033.629761
5456.698137	1.552042	0.805375	3374.594238
5456.699216	1.505284	0.805375	4998.795898
5456.700223	1.460328	0.805375	6469.346680
5456.701100	1.423378	0.805375	7717.648926
5456.702055	1.384977	0.805375	9040.301758
5456.703111	0.688411	0.805375	9767.263672
5456.704026	0.102239	0.805375	9860.812500
5456.704894	0.097994	0.805375	9945.872070
5456.705981	0.098101	0.805375	10052.507812
5456.706976	0.098024	0.805375	10150.041016
5456.707868	0.097987	0.805375	10237.445312
5456.708857	0.098002	0.805375	10334.369141
5456.709911	0.098148	0.805375	10437.817383
5456.710813	0.098079	0.805375	10526.284180
5456.711674	0.098031	0.805375	10610.688477
5456.712775	0.098221	0.805375	10718.830078
5457.751481	1.071746	0.805230	452.276672
5457.752569	1.566932	0.805230	2157.099121
5457.753554	1.542836	0.805230	3676.792480
5457.754445	1.502966	0.805230	5015.935547
5457.755428	1.460237	0.805230	6451.348633
5457.756476	1.417379	0.805230	7936.761719
5457.757373	1.379733	0.805230	9174.381836
5457.758243	0.773500	0.805230	9847.326172
5457.759360	0.101071	0.805230	9960.221680
5457.760324	0.097753	0.805230	10054.455078
5457.761181	0.098086	0.805230	10138.514648
5457.762211	0.097841	0.805230	10239.290039
5457.763265	0.097896	0.805230	10342.471680
5457.764135	0.098126	0.805230	10427.841797
5457.765047	0.098141	0.805230	10517.346680
5457.766113	0.098148	0.805230	10621.972656
5457.767059	0.097819	0.805230	10714.508789
5457.767933	0.097808	0.805230	10799.992187
5458.750401	1.066626	0.841384	457.582520
5458.751267	1.560256	0.841384	1808.764526
5458.752355	1.549017	0.841384	3494.095215
5458.753354	1.504618	0.841384	4997.208496
5458.754249	1.464734	0.841384	6308.145508
5458.755222	1.424780	0.841384	7694.456543
5458.756289	1.381608	0.841384	9168.631836
5458.757211	0.743591	0.841384	9854.222656
5458.758074	0.106659	0.841384	9946.269531
5458.759161	0.098064	0.841384	10052.865234
5458.760139	0.098152	0.841384	10148.857422
5458.761021	0.098068	0.841384	10235.353516
5458.762006	0.098192	0.841384	10332.073242
5458.763046	0.098119	0.841384	10434.117187
5458.763939	0.098049	0.841384	10521.674805
5458.764800	0.098071	0.841384	10606.114258
5458.765889	0.098317	0.841384	10713.180664
5458.766859	0.098035	0.841384	10808.274414
5459.803595	1.077664	0.803474	468.783630
5459.804469	1.561545	0.803474	1833.574219
5459.805335	1.557114	0.803474	3182.035156
5459.806388	1.512345	0.803474	4774.534180
5459.807286	1.471567	0.803474	6096.001953
5459.808163	1.434199	0.803474	7353.794922
5459.809094	1.396410	0.803474	8653.852539
5459.810106	1.113376	0.803474	9780.589844
5459.811041	0.145466	0.803474	9916.600586
5459.811905	0.097976	0.803474	10001.251953
5459.812968	0.098258	0.803474	10105.700195
5459.813846	0.098079	0.803474	10191.813477
5459.814709	0.098020	0.803474	10276.404297
5459.815569	0.098130	0.803474	10360.795898
5459.816625	0.098090	0.803474	10464.378906
5459.817527	0.098038	0.803474	10552.809570
5459.818405	0.098042	0.803474	10638.890625
5459.819392	0.098221	0.803474	10735.834961
5460.804026	1.061309	0.881156	447.872253
5460.805007	1.561198	0.881156	1979.406982
5460.806069	1.546000	0.881156	3621.258789
5460.806984	1.504724	0.881156	4998.081543
5460.807851	1.464694	0.881156	6267.970703
5460.808951	1.419994	0.881156	7829.963867
5460.809937	1.380278	0.881156	9190.917969
5460.810834	0.756226	0.881156	9869.251953
5460.811811	0.105623	0.881156	9972.445312
5460.812860	0.098082	0.881156	10075.333984
5460.813748	0.098203	0.881156	10162.538086
5460.814609	0.098203	0.881156	10247.090820
5460.815698	0.098262	0.881156	10354.097656
5460.816667	0.098013	0.881156	10449.072266
5460.817529	0.098086	0.881156	10533.622070
5460.818591	0.098188	0.881156	10637.898437
5460.819623	0.098152	0.881156	10739.191406
5460.820509	0.098159	0.881156	10826.160156
5461.856251	1.125407	0.818636	548.072937
5461.857127	1.564797	0.818636	1918.835449
5461.857994	1.555016	0.818636	3267.034180
5461.859041	1.509445	0.818636	4847.422852
5461.859994	1.466873	0.818636	6245.352539
5461.860874	1.429801	0.818636	7503.577148
5461.861798	1.392133	0.818636	8789.908203
5461.862861	0.933801	0.818636	9782.539062
5461.863753	0.118334	0.818636	9888.092773
5461.864613	0.097983	0.818636	9972.358398
5461.865664	0.098221	0.818636	10075.588867
5461.866612	0.098104	0.818636	10168.591797
5461.867480	0.098115	0.818636	10253.755859
5461.868364	0.098126	0.818636	10340.499023
5461.869457	0.098027	0.818636	10447.642578
5461.870330	0.098005	0.818636	10533.201172
5461.871186	0.098086	0.818636	10617.163086
5461.872211	0.098196	0.818636	10717.813477
5462.856649	1.072987	0.907102	464.603394
5462.857515	1.560729	0.907102	1816.194580
5462.858554	1.550486	0.907102	3427.149414
5462.859586	1.505002	0.907102	4980.312012
5462.860485	1.465009	0.907102	6297.354492
5462.861455	1.424700	0.907102	7679.312988
5462.862518	1.381816	0.907102	9148.183594
5462.863450	0.746235	0.907102	9843.674805
5462.864314	0.106582	0.907102	9935.761719
5462.865418	0.098298	0.907102	10044.283203
5462.866393	0.098097	0.907102	10139.927734
5462.867284	0.098126	0.907102	10227.358398
5462.868277	0.098225	0.907102	10324.895508
5462.869325	0.097965	0.907102	10427.562500
5462.870208	0.097760	0.907102	10513.884766
5462.871065	0.098090	0.907102	10597.947266
5462.872168	0.098141	0.907102	10706.196289
5462.873127	0.098141	0.907102	10800.313477
5463.911972	1.153330	0.812686	591.658325
5463.912981	1.569829	0.812686	2175.615723
5463.913862	1.548219	0.812686	3539.596680
5463.914871	1.504028	0.812686	5057.161133
5463.915931	1.457410	0.812686	6602.015625
5463.916805	1.419840	0.812686	7842.956055
5463.917701	1.382358	0.812686	9081.548828
5463.918808	0.593928	0.812686	9739.027344
5463.919769	0.099694	0.812686	9834.833008
5463.920638	0.098119	0.812686	9920.098633
5463.921652	0.098093	0.812686	10019.565430
5463.922678	0.098108	0.812686	10120.224609
5463.923567	0.098134	0.812686	10207.464844
5463.924498	0.098240	0.812686	10298.925781
5463.925561	0.098075	0.812686	10403.179687
5463.926498	0.098035	0.812686	10495.038086
5463.927364	0.098134	0.812686	10580.021484
5463.928408	0.098137	0.812686	10682.476562
5464.910777	1.074448	0.884995	455.566040
5464.911845	1.567156	0.884995	2129.288330
5464.912847	1.544216	0.884995	3676.593018
5464.913743	1.504310	0.884995	5024.455078
5464.914726	1.461031	0.884995	6460.648926
5464.915766	1.418163	0.884995	7935.538086
5464.916663	1.381622	0.884995	9174.853516
5464.917575	0.771152	0.884995	9878.144531
5464.918449	0.107673	0.884995	9972.250977
5464.919400	0.097961	0.884995	10065.412109
5464.920321	0.098068	0.884995	10155.732422
5464.921236	0.098016	0.884995	10245.416992
5464.922111	0.098005	0.884995	10331.171875
5464.923064	0.098046	0.884995	10424.609375
5464.923997	0.097943	0.884995	10515.990234
5464.924877	0.098049	0.884995	10602.273437
5464.925903	0.098123	0.884995	10702.947266
5464.926814	0.097958	0.884995	10792.186523
5465.965067	1.135877	0.838157	570.210022
5465.966055	1.569034	0.838157	2120.416016
5465.966949	1.549098	0.838157	3505.309570
5465.967934	1.505420	0.838157	4988.147949
5465.968992	1.458761	0.838157	6531.517090
5465.969896	1.420532	0.838157	7815.678223
5465.970762	1.383933	0.838157	9014.164062
5465.971868	0.660919	0.838157	9745.140625
5465.972836	0.100408	0.838157	9842.334961
5465.973701	0.098119	0.838157	9927.208008
5465.974798	0.098123	0.838157	10034.848633
5465.975820	0.098031	0.838157	10135.036133
5465.976702	0.098163	0.838157	10221.616211
5465.977628	0.098053	0.838157	10312.413086
5465.978678	0.098163	0.838157	10415.484375
5465.979615	0.098053	0.838157	10507.360352
5465.980474	0.098086	0.838157	10591.616211
5465.981513	0.098167	0.838157	10693.611328
5466.962895	1.078495	0.847213	472.380768
5466.963762	1.561370	0.847213	1826.088135
5466.964713	1.554038	0.847213	3303.978271
5466.965753	1.508434	0.847213	4872.749512
5466.966656	1.467931	0.847213	6198.291016
5466.967522	1.430892	0.847213	7437.443848
5466.968576	1.388562	0.847213	8900.988281
5466.969532	0.958751	0.847213	9817.554687
5466.970409	0.122626	0.847213	9925.097656
5466.971352	0.098159	0.847213	10017.662109
5466.972384	0.098042	0.847213	10118.841797
5466.973275	0.098057	0.847213	10206.209961
5466.974138	0.098086	0.847213	10290.858398
5466.975180	0.098156	0.847213	10393.136719
5466.976131	0.098079	0.847213	10486.409180
5466.977011	0.098075	0.847213	10572.714844
5466.977930	0.098159	0.847213	10662.922852
5466.978995	0.098031	0.847213	10767.326172
5468.021770	1.131907	0.844301	564.821472
5468.022711	1.568038	0.844301	2040.345459
5468.023578	1.552002	0.844301	3385.931152
5468.024625	1.505804	0.844301	4962.508301
5468.025650	1.460365	0.844301	6459.382324
5468.026548	1.422806	0.844301	7737.062500
5468.027493	1.385032	0.844301	9045.917969
5468.028552	0.690685	0.844301	9777.353516
5468.029486	0.101594	0.844301	9872.242187
5468.030347	0.098082	0.844301	9956.691406
5468.031416	0.098115	0.844301	10061.576172
5468.032407	0.098064	0.844301	10158.757812
5468.033292	0.098130	0.844301	10245.602539
5468.034263	0.098159	0.844301	10340.915039
5468.035310	0.098188	0.844301	10443.718750
5468.036218	0.098057	0.844301	10532.753906
5468.037075	0.098210	0.844301	10616.919922
5468.038150	0.098152	0.844301	10722.433594
5469.014588	1.174926	0.817400	633.284851
5469.015597	1.570155	0.817400	2217.571289
5469.016484	1.547098	0.817400	3589.847656
5469.017462	1.504222	0.817400	5060.977051
5469.018518	1.456868	0.817400	6599.429199
5469.019439	1.418082	0.817400	7905.482910
5469.020300	1.382523	0.817400	9095.834961
5469.021360	0.640250	0.817400	9774.500000
5469.022365	0.099628	0.817400	9874.625977
5469.023253	0.098148	0.817400	9961.781250
5469.024237	0.098181	0.817400	10058.391602
5469.025295	0.098137	0.817400	10162.220703
5469.026192	0.098218	0.817400	10250.322266
5469.027060	0.098112	0.817400	10335.483398
5469.028167	0.098159	0.817400	10444.145508
5469.029149	0.098086	0.817400	10540.465820
5469.030021	0.098134	0.817400	10626.038086
5469.031109	0.098232	0.817400	10732.915039
5470.075878	1.093348	0.835684	509.500336
5470.076772	1.564416	0.835684	1908.088623
5470.077709	1.552654	0.835684	3362.925293
5470.078753	1.507244	0.835684	4936.487793
5470.079637	1.467015	0.835684	6233.329102
5470.080513	1.430343	0.835684	7486.309570
5470.081439	1.391971	0.835684	8775.275391
5470.082432	1.013694	0.835684	9781.873047
5470.083355	0.126826	0.835684	9898.933594
5470.084230	0.097950	0.835684	9984.640625
5470.085247	0.098145	0.835684	10084.453125
5470.086150	0.097994	0.835684	10172.942383
5470.087020	0.098053	0.835684	10258.248047
5470.087878	0.098126	0.835684	10342.440430
5470.088926	0.098082	0.835684	10445.230469
5470.089808	0.098005	0.835684	10531.670898
5470.090677	0.098130	0.835684	10616.945312
5470.091680	0.098031	0.835684	10715.270508
5471.066058	1.078612	0.842291	465.960419
5471.066923	1.560535	0.842291	1815.822998
5471.068021	1.548497	0.842291	3516.072998
5471.068986	1.505764	0.842291	4969.135254
5471.069846	1.466829	0.842291	6230.607910
5471.070898	1.423418	0.842291	7728.043457
5471.071941	1.381655	0.842291	9169.110352
5471.072821	0.791356	0.842291	9865.503906
5471.073747	0.108589	0.842291	9966.057617
5471.074804	0.098093	0.842291	10069.742187
5471.075743	0.098027	0.842291	10161.790039
5471.076610	0.098148	0.842291	10246.884766
5471.077629	0.098112	0.842291	10346.860352
5471.078650	0.098016	0.842291	10446.934570
5471.079542	0.098049	0.842291	10534.394531
5471.080472	0.098108	0.842291	10625.634766
5471.081534	0.098101	0.842291	10729.817383
5471.082467	0.097943	0.842291	10821.198242
5472.128976	1.076763	0.812461	477.005859
5472.129838	1.561377	0.812461	1822.912720
5472.130896	1.549911	0.812461	3462.718506
5472.131942	1.504039	0.812461	5035.943359
5472.132817	1.464342	0.812461	6317.242676
5472.133787	1.424110	0.812461	7698.629395
5472.134853	1.380868	0.812461	9170.634766
5472.135785	0.719575	0.812461	9841.279297
5472.136647	0.105560	0.812461	9932.272461
5472.137718	0.098130	0.812461	10037.369141
5472.138712	0.098024	0.812461	10134.804687
5472.139603	0.098053	0.812461	10222.169922
5472.140571	0.098254	0.812461	10317.280273
5472.141607	0.098112	0.812461	10418.923828
5472.142520	0.098148	0.812461	10508.533203
5472.143384	0.098115	0.812461	10593.304687
5472.144462	0.098152	0.812461	10699.112305
5472.145455	0.097983	0.812461	10796.410156
5473.119678	1.066710	0.868398	454.418549
5473.120589	1.559703	0.868398	1875.308350
5473.121680	1.548149	0.868398	3564.339355
5473.122567	1.508064	0.868398	4901.992187
5473.123429	1.468982	0.868398	6168.254883
5473.124473	1.425630	0.868398	7656.612305
5473.125433	1.386500	0.868398	8987.652344
5473.126315	0.975806	0.868398	9848.312500
5473.127178	0.127830	0.868398	9958.629883
5473.128296	0.098148	0.868398	10068.359375
5473.129196	0.098060	0.868398	10156.613281
5473.130065	0.098141	0.868398	10241.897461
5473.131104	0.098115	0.868398	10343.838867
5473.132068	0.098141	0.868398	10438.446289
5473.132946	0.098068	0.868398	10524.549805
5473.133804	0.098104	0.868398	10608.723633
5473.134898	0.098101	0.868398	10716.045898
5473.135791	0.097987	0.868398	10803.548828
5474.182597	1.066201	0.795993	457.400330
5474.183552	1.560762	0.795993	1947.927734
5474.184605	1.547150	0.795993	3577.076172
5474.185530	1.505984	0.795993	4970.111328
5474.186391	1.466400	0.795993	6232.681641
5474.187465	1.422631	0.795993	7760.586914
5474.188476	1.381765	0.795993	9157.551758
5474.189356	0.807513	0.795993	9868.164062
5474.190327	0.108776	0.795993	9973.785156
5474.191365	0.098042	0.795993	10075.552734
5474.192274	0.098090	0.795993	10164.715820
5474.193143	0.098115	0.795993	10249.977539
5474.194207	0.098185	0.795993	10354.446289
5474.195197	0.098038	0.795993	10451.503906
5474.196090	0.097994	0.795993	10539.012695
5474.197070	0.098156	0.795993	10635.205078
5474.198126	0.098075	0.795993	10738.772461
5474.199029	0.098005	0.795993	10827.271484
5475.172798	1.061488	0.899747	454.316864
5475.173812	1.564450	0.899747	2040.668701
5475.174857	1.544780	0.899747	3654.964111
5475.175745	1.504548	0.899747	4991.002930
5475.176682	1.462936	0.899747	6361.773926
5475.177761	1.417727	0.899747	7891.501465
5475.178700	1.380403	0.899747	9187.699219
5475.179575	0.780538	0.899747	9870.669922
5475.180634	0.101836	0.899747	9978.514648
5475.181652	0.097958	0.899747	10078.235352
5475.182540	0.098046	0.899747	10165.299805
5475.183489	0.098156	0.899747	10258.449219
5475.184543	0.098079	0.899747	10361.824219
5475.185477	0.098046	0.899747	10453.398437
5475.186341	0.098049	0.899747	10538.113281
5475.187423	0.098156	0.899747	10644.317383
5475.188418	0.097965	0.899747	10741.792969
5475.189306	0.098046	0.899747	10828.857422
5476.235232	1.089130	0.773414	485.751831
5476.236104	1.562443	0.773414	1848.201782
5476.236966	1.557074	0.773414	3190.399414
5476.238008	1.513268	0.773414	4767.224609
5476.238884	1.472069	0.773414	6056.757324
5476.239762	1.434979	0.773414	7316.668945
5476.240645	1.397699	0.773414	8550.836914
5476.241684	1.142450	0.773414	9737.842773
5476.242587	0.160441	0.773414	9882.720703
5476.243465	0.098020	0.773414	9968.782227
5476.244453	0.098079	0.773414	10065.683594
5476.245383	0.098104	0.773414	10156.920898
5476.246307	0.098123	0.773414	10247.585937
5476.247170	0.098145	0.773414	10332.285156
5476.248205	0.098156	0.773414	10433.875977
5476.249091	0.097983	0.773414	10520.689453
5476.249956	0.098119	0.773414	10605.562500
5476.250900	0.098137	0.773414	10698.204102
5477.225423	1.083402	0.898397	478.863708
5477.226287	1.560692	0.898397	1827.301758
5477.227399	1.547585	0.898397	3548.216797
5477.228362	1.504706	0.898397	4997.248535
5477.229229	1.465983	0.898397	6268.255371
5477.230255	1.422693	0.898397	7727.938477
5477.231310	1.380938	0.898397	9184.828125
5477.232211	0.753724	0.898397	9863.933594
5477.233117	0.106952	0.898397	9960.832031
5477.234197	0.098090	0.898397	10066.768555
5477.235148	0.098068	0.898397	10160.031250
5477.236014	0.098068	0.898397	10244.958008
5477.237065	0.098225	0.898397	10348.192383
5477.238084	0.098049	0.898397	10448.104492
5477.238975	0.098167	0.898397	10535.571289
5477.239923	0.098218	0.898397	10628.681641
5477.240958	0.098145	0.898397	10730.261719
5477.241880	0.098126	0.898397	10820.734375
5478.289849	1.070654	0.752612	449.674805
5478.290936	1.567917	0.752612	2154.000977
5478.291863	1.547128	0.752612	3588.188232
5478.292742	1.507859	0.752612	4913.596191
5478.293742	1.464397	0.752612	6377.993164
5478.294746	1.421517	0.752612	7805.196777
5478.295638	1.385486	0.752612	9041.049805
5478.296504	0.931102	0.752612	9847.384766
5478.297586	0.108109	0.752612	9964.358398
5478.298487	0.097969	0.752612	10052.627930
5478.299361	0.098027	0.752612	10138.303711
5478.300326	0.098218	0.752612	10233.083984
5478.301351	0.098159	0.752612	10333.697266
5478.302240	0.098126	0.752612	10420.931641
5478.303106	0.098145	0.752612	10505.924805
5478.304173	0.098126	0.752612	10610.625000
5478.305108	0.098079	0.752612	10702.328125
5478.305982	0.098148	0.752612	10788.109375
5479.279611	1.100533	0.898143	538.160889
5479.280697	1.568745	0.898143	2241.818115
5479.281640	1.543462	0.898143	3697.302734
5479.282516	1.503603	0.898143	5014.459473
5479.283572	1.457172	0.898143	6553.232910
5479.284593	1.414695	0.898143	7997.636230
5479.285492	1.379026	0.898143	9237.380859
5479.286464	0.636497	0.898143	9856.055664
5479.287513	0.099434	0.898143	9960.361328
5479.288438	0.098185	0.898143	10051.182617
5479.289297	0.098167	0.898143	10135.507812
5479.290358	0.098320	0.898143	10239.825195
5479.291352	0.098086	0.898143	10337.322266
5479.292233	0.098141	0.898143	10423.784180
5479.293223	0.098185	0.898143	10520.987305
5479.294274	0.098071	0.898143	10624.060547
5479.295171	0.098112	0.898143	10712.066406
5479.296031	0.098134	0.898143	10796.460937
5480.341947	1.060408	0.767605	448.552490
5480.342904	1.560341	0.767605	1941.798340
5480.343986	1.546084	0.767605	3614.661133
5480.344918	1.504142	0.767605	5016.521484
5480.345791	1.464511	0.767605	6295.039062
5480.346855	1.420679	0.767605	7806.641113
5480.347862	1.380088	0.767605	9196.389648
5480.348761	0.743232	0.767605	9864.555664
5480.349729	0.105410	0.767605	9966.592773
5480.350781	0.098342	0.767605	10070.048828
5480.351699	0.098035	0.767605	10160.044922
5480.352561	0.098097	0.767605	10244.604492
5480.353664	0.098185	0.767605	10352.902344
5480.354653	0.098126	0.767605	10449.949219
5480.355544	0.098119	0.767605	10537.373047
5480.356542	0.098335	0.767605	10635.511719
5480.357593	0.098115	0.767605	10738.630859
5480.358480	0.098188	0.767605	10825.723633
5481.333258	1.112758	0.888616	560.829834
5481.334288	1.569467	0.888616	2177.380371
5481.335189	1.546901	0.888616	3571.137695
5481.336059	1.507764	0.888616	4882.892090
5481.337138	1.460101	0.888616	6458.341309
5481.338093	1.420269	0.888616	7814.697754
5481.338979	1.384439	0.888616	9041.310547
5481.339936	0.817808	0.888616	9823.952148
5481.340962	0.103173	0.888616	9929.807617
5481.341843	0.097939	0.888616	10016.091797
5481.342705	0.098082	0.888616	10100.638672
5481.343748	0.098258	0.888616	10203.122070
5481.344694	0.098016	0.888616	10295.845703
5481.345557	0.098163	0.888616	10380.560547
5481.346464	0.098236	0.888616	10469.661133
5481.347532	0.098123	0.888616	10574.456055
5481.348431	0.098126	0.888616	10662.671875
5481.349299	0.098174	0.888616	10747.886719
5482.394580	1.077733	0.772028	475.280334
5482.395442	1.562036	0.772028	1821.755615
5482.396467	1.551072	0.772028	3411.604004
5482.397504	1.505314	0.772028	4972.614258
5482.398393	1.465415	0.772028	6275.368164
5482.399345	1.425817	0.772028	7632.745605
5482.400416	1.382402	0.772028	9113.298828
5482.401354	0.762451	0.772028	9828.478516
5482.402229	0.106959	0.772028	9922.067383
5482.403271	0.098071	0.772028	10024.257812
5482.404284	0.098016	0.772028	10123.548828
5482.405180	0.098093	0.772028	10211.440430
5482.406130	0.098108	0.772028	10304.642578
5482.407180	0.098137	0.772028	10407.686523
5482.408108	0.098082	0.772028	10498.707031
5482.408967	0.098097	0.772028	10582.972656
5482.410039	0.098156	0.772028	10688.195312
5482.411012	0.098101	0.772028	10783.647461
5483.385843	1.092689	0.891388	526.676208
5483.386931	1.568514	0.891388	2233.219971
5483.387874	1.543546	0.891388	3688.784180
5483.388744	1.503896	0.891388	4997.173828
5483.389789	1.458204	0.891388	6520.997559
5483.390808	1.415735	0.891388	7963.631348
5483.391704	1.379923	0.891388	9200.042969
5483.392667	0.680980	0.891388	9855.827148
5483.393712	0.099928	0.891388	9960.251953
5483.394640	0.098152	0.891388	10051.336914
5483.395501	0.098174	0.891388	10135.864258
5483.396574	0.098134	0.891388	10241.161133
5483.397568	0.098126	0.891388	10338.698242
5483.398456	0.098203	0.891388	10425.902344
5483.399436	0.098177	0.891388	10522.116211
5483.400477	0.098130	0.891388	10624.269531
5483.401379	0.098156	0.891388	10712.805664
5483.402237	0.098134	0.891388	10797.003906
5484.448192	1.061807	0.763295	451.267853
5484.449139	1.560169	0.763295	1928.747437
5484.450213	1.546853	0.763295	3590.067627
5484.451150	1.504790	0.763295	5000.055664
5484.452013	1.465477	0.763295	6264.762695
5484.453063	1.421946	0.763295	7757.805664
5484.454085	1.381080	0.763295	9169.269531
5484.454974	0.783267	0.763295	9865.593750
5484.455937	0.107743	0.763295	9969.350586
5484.456990	0.098057	0.763295	10072.604492
5484.457907	0.098064	0.763295	10162.529297
5484.458772	0.098082	0.763295	10247.370117
5484.459848	0.098170	0.763295	10353.000977
5484.460845	0.098013	0.763295	10450.719727
5484.461738	0.098075	0.763295	10538.300781
5484.462716	0.098086	0.763295	10634.228516
5484.463755	0.098060	0.763295	10736.113281
5484.464658	0.098020	0.763295	10824.625000
5485.438981	1.109484	0.879871	552.522888
5485.440038	1.568496	0.879871	2210.423340
5485.440989	1.543861	0.879871	3678.635254
5485.441856	1.504530	0.879871	4983.062988
5485.442914	1.457981	0.879871	6525.606934
5485.443940	1.415596	0.879871	7978.007812
5485.444823	1.379949	0.879871	9196.502930
5485.445804	0.673663	0.879871	9857.366211
5485.446846	0.099994	0.879871	9961.559570
5485.447765	0.098079	0.879871	10051.693359
5485.448621	0.098031	0.879871	10135.607422
5485.449663	0.098225	0.879871	10237.958008
5485.450680	0.098108	0.879871	10337.733398
5485.451557	0.098075	0.879871	10423.745117
5485.452520	0.098145	0.879871	10518.257812
5485.453582	0.098115	0.879871	10622.456055
5485.454491	0.098024	0.879871	10711.559570
5485.455355	0.098112	0.879871	10796.328125
5486.500814	1.074727	0.774518	476.103882
5486.501678	1.561586	0.774518	1825.313843
5486.502725	1.550911	0.774518	3449.117187
5486.503764	1.505083	0.774518	5012.898437
5486.504644	1.464847	0.774518	6301.964355
5486.505573	1.425952	0.774518	7626.673828
5486.506644	1.382618	0.774518	9107.458008
5486.507597	0.754706	0.774518	9826.692383
5486.508467	0.106699	0.774518	9919.520508
5486.509500	0.098167	0.774518	10020.926758
5486.510510	0.098126	0.774518	10120.034180
5486.511399	0.098137	0.774518	10207.278320
5486.512360	0.098218	0.774518	10301.666016
5486.513425	0.098093	0.774518	10406.135742
5486.514348	0.098174	0.774518	10496.750000
5486.515210	0.098174	0.774518	10581.375977
5486.516276	0.098214	0.774518	10686.072266
5486.517269	0.098057	0.774518	10783.442383
5487.492027	1.059653	0.865151	446.114044
5487.492959	1.559410	0.865151	1899.484497
5487.493950	1.549786	0.865151	3435.322754
5487.494886	1.508694	0.865151	4847.459961
5487.495767	1.469425	0.865151	6142.023437
5487.496779	1.427611	0.865151	7586.765625
5487.497701	1.388910	0.865151	8867.340820
5487.498636	1.020681	0.865151	9821.677734
5487.499500	0.134806	0.865151	9938.150391
5487.500542	0.097939	0.865151	10040.203125
5487.501422	0.098152	0.865151	10126.577148
5487.502290	0.098071	0.865151	10211.703125
5487.503293	0.098123	0.865151	10310.120117
5487.504216	0.098163	0.865151	10400.724609
5487.505114	0.098167	0.865151	10488.877930
5487.505991	0.098057	0.865151	10574.874023
5487.506996	0.098112	0.865151	10673.476562
5487.507898	0.098046	0.865151	10761.914062
5488.553929	1.068274	0.775940	465.767426
5488.554795	1.561329	0.775940	1817.878662
5488.555809	1.551844	0.775940	3391.448975
5488.556853	1.506024	0.775940	4963.738281
5488.557752	1.465433	0.775940	6281.162598
5488.558682	1.426641	0.775940	7607.938477
5488.559747	1.383376	0.775940	9081.234375
5488.560703	0.780271	0.775940	9827.173828
5488.561562	0.108571	0.775940	9920.435547
5488.562609	0.098123	0.775940	10023.169922
5488.563623	0.098104	0.775940	10122.647461
5488.564510	0.098170	0.775940	10209.724609
5488.565466	0.098265	0.775940	10303.666016
5488.566505	0.098188	0.775940	10405.683594
5488.567429	0.098174	0.775940	10496.396484
5488.568285	0.098068	0.775940	10580.342773
5488.569343	0.098258	0.775940	10684.299805
5488.570347	0.098071	0.775940	10782.763672
5489.546259	1.147035	0.849187	574.664490
5489.547214	1.568566	0.849187	2072.644775
5489.548092	1.550826	0.849187	3434.270508
5489.549028	1.509170	0.849187	4846.853516
5489.550098	1.462266	0.849187	6411.477539
5489.550984	1.424703	0.849187	7673.764648
5489.551851	1.389258	0.849187	8878.250977
5489.552895	0.859512	0.849187	9775.581055
5489.553845	0.108230	0.849187	9878.399414
5489.554709	0.098064	0.849187	9963.126953
5489.555607	0.098005	0.849187	10051.135742
5489.556679	0.097753	0.849187	10155.926758
5489.557574	0.097983	0.849187	10243.622070
5489.558439	0.098093	0.849187	10328.472656
5489.559467	0.098258	0.849187	10429.482422
5489.560433	0.098090	0.849187	10524.237305
5489.561313	0.098247	0.849187	10610.694336
5489.562173	0.098163	0.849187	10695.114258
5490.605623	1.170619	0.802068	613.404297
5490.606652	1.569730	0.802068	2228.656738
5490.607546	1.546044	0.802068	3610.819824
5490.608482	1.504277	0.802068	5018.823242
5490.609543	1.456948	0.802068	6564.645508
5490.610500	1.417522	0.802068	7921.213867
5490.611373	1.382106	0.802068	9127.791992
5490.612432	0.620995	0.802068	9785.425781
5490.613452	0.099338	0.802068	9886.750977
5490.614344	0.098112	0.802068	9974.266602
5490.615311	0.098123	0.802068	10069.151367
5490.616354	0.098112	0.802068	10171.481445
5490.617277	0.098119	0.802068	10262.044922
5490.618138	0.098104	0.802068	10346.512695
5490.619228	0.098236	0.802068	10453.589844
5490.620211	0.098057	0.802068	10549.979492
5490.621094	0.098199	0.802068	10636.689453
5490.622081	0.098199	0.802068	10733.612305
5491.601337	1.065341	0.810652	450.639099
5491.602412	1.566486	0.810652	2134.611084
5491.603430	1.543715	0.810652	3706.112305
5491.604310	1.503955	0.810652	5029.592773
5491.605306	1.460464	0.810652	6484.214844
5491.606358	1.416559	0.810652	7974.434570
5491.607251	1.379963	0.810652	9206.742187
5491.608127	0.748802	0.810652	9862.693359
5491.609215	0.100887	0.810652	9972.458984
5491.610206	0.098053	0.810652	10069.629883
5491.611096	0.098104	0.810652	10156.942383
5491.612080	0.098170	0.810652	10253.541992
5491.613136	0.098086	0.810652	10357.121094
5491.614030	0.098148	0.810652	10444.865234
5491.614909	0.098130	0.810652	10531.121094
5491.616019	0.098199	0.810652	10640.122070
5491.616977	0.098090	0.810652	10734.091797
5491.617845	0.098254	0.810652	10819.376953
5492.657620	1.100728	0.792472	489.823761
5492.658490	1.562146	0.792472	1848.890747
5492.659499	1.551980	0.792472	3414.838623
5492.660413	1.510902	0.792472	4795.803223
5492.661345	1.469594	0.792472	6165.464355
5492.662209	1.431742	0.792472	7402.489258
5492.663224	1.391206	0.792472	8814.563477
5492.664119	1.103104	0.792472	9801.841797
5492.664998	0.153750	0.792472	9936.988281
5492.665966	0.098174	0.792472	10032.020508
5492.666924	0.098053	0.792472	10125.955078
5492.667844	0.098013	0.792472	10216.126953
5492.668707	0.098130	0.792472	10300.813477
5492.669738	0.098013	0.792472	10401.864258
5492.670623	0.098042	0.792472	10488.631836
5492.671497	0.098042	0.792472	10574.320312
5492.672381	0.098046	0.792472	10660.992187
5492.673412	0.098027	0.792472	10762.058594
5493.656535	1.099922	0.793600	497.164703
5493.657416	1.563402	0.793600	1874.521851
5493.658403	1.551797	0.793600	3406.145264
5493.659480	1.504428	0.793600	5026.413574
5493.660394	1.463020	0.793600	6363.613770
5493.661264	1.425245	0.793600	7603.577148
5493.662350	1.382845	0.793600	9105.347656
5493.663320	0.733257	0.793600	9816.606445
5493.664202	0.105472	0.793600	9909.632812
5493.665224	0.098038	0.793600	10009.828125
5493.666249	0.098053	0.793600	10110.332031
5493.667129	0.098060	0.793600	10196.625000
5493.667986	0.098090	0.793600	10280.687500
5493.669069	0.098060	0.793600	10386.886719
5493.670039	0.097950	0.793600	10481.898437
5493.670896	0.098016	0.793600	10565.898437
5493.671958	0.098108	0.793600	10670.088867
5493.673013	0.098064	0.793600	10773.545898
5494.708793	1.169824	0.782788	642.233459
5494.709811	1.570378	0.782788	2240.878662
5494.710705	1.545494	0.782788	3622.550537
5494.711575	1.505134	0.782788	4932.017578
5494.712685	1.457761	0.782788	6550.132324
5494.713605	1.419027	0.782788	7855.637207
5494.714489	1.383530	0.782788	9078.677734
5494.715489	0.737545	0.782788	9816.222656
5494.716491	0.100785	0.782788	9917.208984
5494.717384	0.098013	0.782788	10004.734375
5494.718246	0.098148	0.782788	10089.337891
5494.719327	0.098104	0.782788	10195.388672
5494.720228	0.097943	0.782788	10283.635742
5494.721099	0.098071	0.782788	10369.055664
5494.722095	0.098038	0.782788	10466.702148
5494.723100	0.098057	0.782788	10565.249023
5494.723986	0.098068	0.782788	10652.136719
5494.724843	0.098112	0.782788	10736.218750
5495.710148	1.077517	0.785890	465.487366
5495.711017	1.560579	0.785890	1821.630127
5495.712127	1.547461	0.785890	3539.311768
5495.713117	1.502985	0.785890	5027.266602
5495.714010	1.463675	0.785890	6334.329102
5495.714986	1.422858	0.785890	7723.038086
5495.716060	1.380388	0.785890	9205.575195
5495.716956	0.737263	0.785890	9866.163086
5495.717848	0.105861	0.785890	9960.590820
5495.718933	0.098042	0.785890	10066.966797
5495.719893	0.097896	0.785890	10160.946289
5495.720755	0.097987	0.785890	10245.411133
5495.721784	0.097976	0.785890	10346.228516
5495.722821	0.097885	0.785890	10447.734375
5495.723704	0.097987	0.785890	10534.256836
5495.724616	0.098093	0.785890	10623.717773
5495.725678	0.097994	0.785890	10727.788086
5495.726611	0.097932	0.785890	10819.159180
5496.760253	1.066179	0.762514	454.192322
5496.761178	1.560029	0.762514	1897.219482
5496.762255	1.546732	0.762514	3563.050049
5496.763197	1.505050	0.762514	4980.807129
5496.764066	1.465708	0.762514	6254.507324
5496.765103	1.422385	0.762514	7729.520508
5496.766135	1.381110	0.762514	9154.825195
5496.767034	0.786497	0.762514	9861.885742
5496.767992	0.107867	0.762514	9965.222656
5496.769028	0.098005	0.762514	10066.755859
5496.769953	0.098046	0.762514	10157.448242
5496.770814	0.098016	0.762514	10241.839844
5496.771874	0.098038	0.762514	10345.760742
5496.772869	0.097965	0.762514	10443.236328
5496.773757	0.097980	0.762514	10530.242187
5496.774726	0.098064	0.762514	10625.266602
5496.775768	0.098031	0.762514	10727.415039
5496.776678	0.097972	0.762514	10816.570312
5497.764304	1.089921	0.796178	474.115479
5497.765172	1.561373	0.796178	1829.387451
5497.766207	1.550552	0.796178	3434.208496
5497.767092	1.510917	0.796178	4771.369629
5497.768015	1.470059	0.796178	6128.233398
5497.768883	1.431801	0.796178	7371.036133
5497.769858	1.392902	0.796178	8729.115234
5497.770793	1.119906	0.796178	9776.227539
5497.771681	0.157397	0.796178	9915.996094
5497.772702	0.097906	0.796178	10015.958984
5497.773597	0.098042	0.796178	10103.707031
5497.774518	0.097954	0.796178	10193.922852
5497.775387	0.098090	0.796178	10279.163086
5497.776387	0.097906	0.796178	10377.069336
5497.777307	0.098027	0.796178	10467.254883
5497.778174	0.098020	0.796178	10552.238281
5497.779208	0.098123	0.796178	10653.697266
5497.780085	0.097928	0.796178	10739.580078
5498.810814	1.083966	0.766361	458.517639
5498.811937	1.567712	0.766361	2219.058594
5498.812898	1.544033	0.766361	3702.874512
5498.813760	1.504827	0.766361	5000.035156
5498.814790	1.458962	0.766361	6502.766602
5498.815839	1.415830	0.766361	7987.972656
5498.816732	1.379678	0.766361	9220.024414
5498.817671	0.706553	0.766361	9883.477539
5498.818737	0.100009	0.766361	9990.086914
5498.819673	0.097961	0.766361	10081.779297
5498.820541	0.098046	0.766361	10166.882812
5498.821590	0.098020	0.766361	10269.706055
5498.822605	0.097976	0.766361	10369.151367
5498.823491	0.098031	0.766361	10456.006836
5498.824442	0.097950	0.766361	10549.157227
5498.825476	0.097961	0.766361	10650.449219
5498.826410	0.097998	0.766361	10741.979492
5498.827272	0.097943	0.766361	10826.406250
5499.816397	1.083593	0.803800	477.864319
5499.817269	1.561926	0.803800	1839.864014
5499.818253	1.552313	0.803800	3367.340332
5499.819266	1.507192	0.803800	4894.125977
5499.820159	1.467414	0.803800	6204.527344
5499.821024	1.429977	0.803800	7441.457031
5499.822115	1.387240	0.803800	8954.935547
5499.823050	0.932959	0.803800	9827.251953
5499.823927	0.119480	0.803800	9932.036133
5499.824906	0.098016	0.803800	10027.994141
5499.825908	0.097914	0.803800	10126.103516
5499.826790	0.097928	0.803800	10212.476562
5499.827652	0.097991	0.803800	10296.944336
5499.828720	0.097950	0.803800	10401.555664
5499.829634	0.097917	0.803800	10491.052734
5499.830502	0.097972	0.803800	10576.092773
5499.831460	0.097965	0.803800	10669.943359
5499.832483	0.097903	0.803800	10770.097656
5500.864580	1.195657	0.748121	664.785095
5500.865632	1.569818	0.748121	2316.233887
5500.866516	1.544447	0.748121	3681.525146
5500.867468	1.501956	0.748121	5111.386719
5500.868532	1.454725	0.748121	6659.214355
5500.869483	1.415376	0.748121	8005.236816
5500.870346	1.380113	0.748121	9196.274414
5500.871394	0.567726	0.748121	9791.250977
5500.872433	0.098679	0.748121	9893.778320
5500.873313	0.097958	0.748121	9979.981445
5500.874274	0.098031	0.748121	10074.189453
5500.875339	0.097969	0.748121	10178.526367
5500.876248	0.097939	0.748121	10267.553711
5500.877110	0.097943	0.748121	10351.980469
5500.878184	0.098115	0.748121	10457.356445
5500.879181	0.097987	0.748121	10555.049805
5500.880067	0.097980	0.748121	10641.859375
5500.881041	0.098060	0.748121	10737.370117
5501.869509	1.076246	0.805186	464.938385
5501.870378	1.560736	0.805186	1821.218018
5501.871478	1.548146	0.805186	3524.178223
5501.872455	1.504025	0.805186	4993.610352
5501.873354	1.464283	0.805186	6310.000977
5501.874340	1.423381	0.805186	7713.455078
5501.875403	1.381106	0.805186	9181.570312
5501.876299	0.762308	0.805186	9864.598633
5501.877155	0.107629	0.805186	9956.729492
5501.878268	0.097972	0.805186	10065.772461
5501.879230	0.097939	0.805186	10159.990234
5501.880086	0.097914	0.805186	10243.804687
5501.881158	0.097947	0.805186	10348.803711
5501.882186	0.097972	0.805186	10449.519531
5501.883056	0.097991	0.805186	10534.771484
5501.883949	0.097961	0.805186	10622.250977
5501.885033	0.097980	0.805186	10728.460937
5501.885992	0.097994	0.805186	10822.437500
5502.917694	1.196510	0.725026	653.294495
5502.918747	1.569983	0.725026	2306.486572
5502.919642	1.544139	0.725026	3688.491211
5502.920576	1.502201	0.725026	5091.546875
5502.921645	1.454615	0.725026	6646.530762
5502.922600	1.415603	0.725026	7998.431641
5502.923474	1.379897	0.725026	9204.461914
5502.924534	0.553678	0.725026	9791.360352
5502.925552	0.098672	0.725026	9891.808594
5502.926451	0.098002	0.725026	9979.912109
5502.927400	0.098112	0.725026	10073.019531
5502.928439	0.098031	0.725026	10174.874023
5502.929357	0.098013	0.725026	10264.849609
5502.930219	0.098090	0.725026	10349.403320
5502.931284	0.098016	0.725026	10453.791016
5502.932281	0.097965	0.725026	10551.461914
5502.933159	0.097961	0.725026	10637.471680
5502.934126	0.098082	0.725026	10732.317383
5503.922151	1.117771	0.795514	521.999084
5503.923028	1.564138	0.795514	1893.748291
5503.923993	1.552167	0.795514	3391.589111
5503.925047	1.505262	0.795514	4978.135742
5503.925970	1.463998	0.795514	6329.405762
5503.926838	1.426293	0.795514	7567.427734
5503.927924	1.383787	0.795514	9070.219727
5503.928925	0.733923	0.795514	9804.876953
5503.929806	0.105396	0.795514	9897.730469
5503.930794	0.097899	0.795514	9994.455078
5503.931839	0.097921	0.795514	10096.782227
5503.932736	0.097892	0.795514	10184.590820
5503.933593	0.097947	0.795514	10268.531250
5503.934674	0.098024	0.795514	10374.495117
5503.935654	0.097833	0.795514	10470.372070
5503.936524	0.097961	0.795514	10555.598633
5503.937521	0.098086	0.795514	10653.390625
5503.938586	0.097888	0.795514	10757.641602
5504.971266	1.129255	0.721203	556.722900
5504.972237	1.568639	0.721203	2079.871338
5504.973101	1.551152	0.721203	3420.066895
5504.974159	1.503995	0.721203	5011.293945
5504.975212	1.457908	0.721203	6546.470703
5504.976103	1.420367	0.721203	7812.018066
5504.977025	1.382981	0.721203	9087.126953
5504.978105	0.624866	0.721203	9761.982422
5504.979049	0.100162	0.721203	9856.536133
5504.979916	0.097888	0.721203	9941.405273
5504.980959	0.097998	0.721203	10043.617187
5504.981965	0.097976	0.721203	10142.180664
5504.982856	0.097976	0.721203	10229.477539
5504.983797	0.098027	0.721203	10321.721680
5504.984840	0.098093	0.721203	10424.033203
5504.985764	0.097925	0.721203	10514.515625
5504.986624	0.097991	0.721203	10598.788086
5504.987674	0.097983	0.721203	10701.670898
5505.975753	1.080626	0.749265	471.153046
5505.976629	1.561945	0.749265	1839.416504
5505.977601	1.553200	0.749265	3349.126465
5505.978623	1.507976	0.749265	4890.277832
5505.979515	1.467817	0.749265	6199.570801
5505.980378	1.430471	0.749265	7434.067383
5505.981462	1.387962	0.749265	8938.617187
5505.982392	0.964607	0.749265	9835.701172
5505.983252	0.126207	0.749265	9944.239258
5505.984326	0.098005	0.749265	10049.497070
5505.985329	0.097917	0.749265	10147.708008
5505.986206	0.098002	0.749265	10233.655273
5505.987163	0.098009	0.749265	10327.450195
5505.988233	0.097921	0.749265	10432.225586
5505.989125	0.097980	0.749265	10519.623047
5505.989993	0.097983	0.749265	10604.672852
5505.991063	0.098097	0.749265	10709.636719
5505.992061	0.097903	0.749265	10807.343750
5507.024415	1.152986	0.705674	589.175720
5507.025381	1.569258	0.705674	2105.078613
5507.026246	1.550526	0.705674	3446.283691
5507.027321	1.502655	0.705674	5061.637695
5507.028367	1.456956	0.705674	6585.613281
5507.029251	1.419609	0.705674	7840.547852
5507.030197	1.381780	0.705674	9147.711914
5507.031260	0.598220	0.705674	9783.620117
5507.032199	0.099998	0.705674	9877.517578
5507.033060	0.097983	0.705674	9961.880859
5507.034096	0.098075	0.705674	10063.486328
5507.035114	0.097994	0.705674	10163.244141
5507.035999	0.097983	0.705674	10249.958984
5507.036946	0.098086	0.705674	10342.846680
5507.038001	0.098016	0.705674	10446.253906
5507.038920	0.098082	0.705674	10536.391602
5507.039789	0.098027	0.705674	10621.577148
5507.040850	0.098126	0.705674	10725.689453
5508.027410	1.144867	0.764028	579.302673
5508.028419	1.569320	0.764028	2162.746582
5508.029310	1.547714	0.764028	3541.759277
5508.030275	1.505109	0.764028	4994.188965
5508.031339	1.457908	0.764028	6545.402832
5508.032264	1.419313	0.764028	7858.267090
5508.033129	1.383190	0.764028	9054.726562
5508.034221	0.640082	0.764028	9753.696289
5508.035208	0.099595	0.764028	9851.996094
5508.036103	0.097892	0.764028	9939.609375
5508.037093	0.098112	0.764028	10036.740234
5508.038132	0.097943	0.764028	10138.502930
5508.039022	0.098013	0.764028	10225.734375
5508.039882	0.098042	0.764028	10310.050781
5508.040997	0.098035	0.764028	10419.359375
5508.041960	0.097896	0.764028	10513.632812
5508.042824	0.098013	0.764028	10598.315430
5508.043871	0.098020	0.764028	10700.942383
5509.077054	1.186329	0.711024	651.294800
5509.078104	1.569979	0.711024	2299.772949
5509.079009	1.543722	0.711024	3696.841309
5509.079921	1.502538	0.711024	5067.155762
5509.080992	1.455707	0.711024	6626.217773
5509.081934	1.416533	0.711024	7960.591797
5509.082796	1.381750	0.711024	9151.660156
5509.083840	0.630139	0.711024	9809.525391
5509.084867	0.099327	0.711024	9911.534180
5509.085743	0.097972	0.711024	9997.358398
5509.086697	0.098053	0.711024	10090.901367
5509.087762	0.097928	0.711024	10195.195312
5509.088691	0.097991	0.711024	10286.228516
5509.089549	0.097972	0.711024	10370.289062
5509.090594	0.098057	0.711024	10472.757812
5509.091604	0.098093	0.711024	10571.832031
5509.092490	0.097987	0.711024	10658.648437
5509.093453	0.097969	0.711024	10752.992187
5510.081048	1.144764	0.727435	575.816528
5510.081964	1.567606	0.727435	2011.743774
5510.082842	1.552017	0.727435	3374.414307
5510.083820	1.509393	0.727435	4850.601074
5510.084848	1.462987	0.727435	6354.551758
5510.085734	1.425831	0.727435	7617.838379
5510.086605	1.389858	0.727435	8828.405273
5510.087683	0.859160	0.727435	9754.580078
5510.088609	0.109830	0.727435	9856.283203
5510.089484	0.097921	0.727435	9941.963867
5510.090448	0.097932	0.727435	10036.370117
5510.091467	0.097965	0.727435	10136.196289
5510.092354	0.097906	0.727435	10223.039062
5510.093213	0.097965	0.727435	10307.191406
5510.094251	0.097972	0.727435	10408.886719
5510.095193	0.097939	0.727435	10501.145508
5510.096070	0.097866	0.727435	10586.974609
5510.097011	0.098024	0.727435	10679.214844
5511.130192	1.194390	0.692949	684.385254
5511.131239	1.569811	0.692949	2327.977051
5511.132127	1.543868	0.692949	3698.932129
5511.133047	1.501714	0.692949	5080.508789
5511.134136	1.454817	0.692949	6664.804199
5511.135082	1.415255	0.692949	8003.635742
5511.135946	1.380099	0.692949	9196.041016
5511.136970	0.598253	0.692949	9808.652344
5511.138002	0.098925	0.692949	9910.742187
5511.138892	0.097965	0.692949	9997.930664
5511.139842	0.097983	0.692949	10091.014648
5511.140895	0.097917	0.692949	10194.122070
5511.141822	0.097896	0.692949	10284.871094
5511.142689	0.097950	0.692949	10369.793945
5511.143740	0.098046	0.692949	10472.839844
5511.144749	0.097950	0.692949	10571.671875
5511.145640	0.098031	0.692949	10659.017578
5511.146589	0.097976	0.692949	10751.997070
5512.133048	1.060093	0.737288	447.359161
5512.134021	1.560549	0.737288	1965.773560
5512.134986	1.549933	0.737288	3461.458740
5512.135906	1.509375	0.737288	4850.083984
5512.136777	1.469645	0.737288	6130.144531
5512.137820	1.426934	0.737288	7618.436035
5512.138711	1.390045	0.737288	8856.966797
5512.139581	1.100691	0.737288	9814.568359
5512.140501	0.153842	0.737288	9956.102539
5512.141487	0.097896	0.737288	10052.627930
5512.142416	0.097928	0.737288	10143.603516
5512.143292	0.097881	0.737288	10229.346680
5512.144280	0.098002	0.737288	10326.171875
5512.145203	0.097969	0.737288	10416.596680
5512.146121	0.097961	0.737288	10506.525391
5512.146986	0.098064	0.737288	10591.350586
5512.148018	0.097998	0.737288	10692.484375
5512.148900	0.097921	0.737288	10778.850586
