time (s)	coil I (A)	last det (V)	int current (uC)
3076.040276	1.191563	0.089853	688.723145
3076.041284	1.572253	0.089853	2273.554687
3076.042173	1.547098	0.089853	3648.925293
3076.043045	1.506292	0.089853	4962.411621
3076.044151	1.459545	0.089853	6576.667969
3076.045062	1.420997	0.089853	7871.196289
3076.045957	0.735981	0.089853	8529.899414
3076.046946	0.104601	0.089853	8633.349609
3076.047942	0.098273	0.089853	8731.229492
3076.048836	0.098386	0.089853	8819.186523
3076.049700	0.098412	0.089853	8904.214844
3076.050804	0.098437	0.089853	9012.889648
3076.051714	0.098203	0.089853	9102.254883
3076.052589	0.098427	0.089853	9188.377930
3076.053593	0.098397	0.089853	9287.168945
3076.054585	0.098291	0.089853	9384.673828
3076.055484	0.098408	0.089853	9473.142578
3077.044237	1.147039	0.091509	568.931152
3077.045122	1.567928	0.091509	1956.547852
3077.046063	1.553368	0.091509	3418.267090
3077.047123	1.506548	0.091509	5015.208008
3077.048067	1.464551	0.091509	6397.744141
3077.048934	1.427596	0.091509	7635.470215
3077.050007	0.729606	0.091509	8418.336914
3077.051025	0.101221	0.091509	8521.379883
3077.051905	0.098287	0.091509	8607.873047
3077.052891	0.098313	0.091509	8704.809570
3077.053939	0.098240	0.091509	8807.764648
3077.054844	0.098287	0.091509	8896.714844
3077.055715	0.098350	0.091509	8982.376953
3077.056769	0.098529	0.091509	9086.226562
3077.057764	0.098346	0.091509	9184.081055
3077.058656	0.098430	0.091509	9271.880859
3077.059631	0.098441	0.091509	9367.861328
3078.097634	1.116050	0.094578	514.499023
3078.098518	1.566207	0.094578	1899.026245
3078.099499	1.553474	0.094578	3422.984375
3078.100571	1.506595	0.094578	5038.054687
3078.101487	1.465107	0.094578	6380.093262
3078.102353	1.427512	0.094578	7616.318848
3078.103457	0.706773	0.094578	8396.595703
3078.104425	0.101136	0.094578	8494.496094
3078.105307	0.098342	0.094578	8581.234375
3078.106335	0.098408	0.094578	8682.398437
3078.107375	0.098507	0.094578	8784.845703
3078.108254	0.098500	0.094578	8871.426758
3078.109134	0.098441	0.094578	8958.054687
3078.110217	0.098448	0.094578	9064.674805
3078.111179	0.098412	0.094578	9159.346680
3078.112043	0.098383	0.094578	9244.349609
3078.113088	0.098452	0.094578	9347.232422
3079.101930	1.127476	0.090191	522.021240
3079.102824	1.566595	0.090191	1922.557617
3079.103835	1.552397	0.090191	3492.031494
3079.104739	1.511364	0.090191	4858.304199
3079.105650	1.470403	0.090191	6197.841309
3079.106530	1.433653	0.090191	7459.456543
3079.107502	0.998943	0.090191	8430.428711
3079.108434	0.122922	0.090191	8544.992187
3079.109319	0.098306	0.090191	8631.993164
3079.110282	0.098452	0.090191	8726.802734
3079.111224	0.098364	0.090191	8819.461914
3079.112145	0.098317	0.090191	8910.011719
3079.113036	0.098518	0.090191	8997.791016
3079.113975	0.098452	0.090191	9090.237305
3079.114912	0.098507	0.090191	9182.538086
3079.115810	0.098346	0.090191	9270.852539
3079.116675	0.098401	0.090191	9355.969727
3080.155065	1.059320	0.093003	445.973755
3080.156063	1.564589	0.093003	2007.433228
3080.157134	1.547267	0.093003	3664.556152
3080.158030	1.506339	0.093003	5014.235840
3080.158905	1.465411	0.093003	6296.470703
3080.160026	1.420397	0.093003	7888.735352
3080.161001	0.602190	0.093003	8475.870117
3080.161867	0.102034	0.093003	8564.231445
3080.162904	0.098448	0.093003	8666.322266
3080.163933	0.098280	0.093003	8767.452148
3080.164814	0.098478	0.093003	8854.210937
3080.165743	0.098397	0.093003	8945.622070
3080.166785	0.098427	0.093003	9048.182617
3080.167724	0.098467	0.093003	9140.642578
3080.168586	0.098339	0.093003	9225.410156
3080.169621	0.098514	0.093003	9327.373047
3080.170646	0.098339	0.093003	9428.169922
3081.158589	1.066538	0.085813	457.544830
3081.159450	1.561871	0.085813	1802.316040
3081.160515	1.552584	0.085813	3455.818359
3081.161397	1.513352	0.085813	4790.594727
3081.162275	1.473897	0.085813	6084.675781
3081.163236	1.433767	0.085813	7462.525879
3081.164226	1.030671	0.085813	8482.890625
3081.165099	0.132056	0.085813	8598.174805
3081.165972	0.098419	0.085813	8684.094727
3081.167074	0.098533	0.085813	8792.677734
3081.167969	0.098481	0.085813	8880.818359
3081.168846	0.098445	0.085813	8967.154297
3081.169734	0.098427	0.085813	9054.556641
3081.170766	0.098434	0.085813	9156.140625
3081.171663	0.098555	0.085813	9244.543945
3081.172522	0.098496	0.085813	9329.152344
3081.173633	0.098687	0.085813	9438.792969
3082.211769	1.067073	0.092077	450.304687
3082.212817	1.568258	0.092077	2093.839111
3082.213836	1.546282	0.092077	3669.500000
3082.214737	1.506200	0.092077	5026.585937
3082.215696	1.463752	0.092077	6430.324219
3082.216760	1.419576	0.092077	7940.753418
3082.217698	0.597883	0.092077	8501.568359
3082.218556	0.102363	0.092077	8589.396484
3082.219644	0.098430	0.092077	8696.488281
3082.220624	0.098302	0.092077	8792.824219
3082.221518	0.098441	0.092077	8880.831055
3082.222512	0.098478	0.092077	8978.717773
3082.223555	0.098437	0.092077	9081.387695
3082.224449	0.098459	0.092077	9169.410156
3082.225306	0.098456	0.092077	9253.787109
3082.226409	0.098478	0.092077	9362.408203
3082.227379	0.098353	0.092077	9457.810547
3083.216900	1.131954	0.079452	558.053467
3083.217783	1.567544	0.079452	1942.194824
3083.218694	1.554196	0.079452	3358.066895
3083.219771	1.507577	0.079452	4981.727539
3083.220726	1.465159	0.079452	6380.954102
3083.221586	1.428431	0.079452	7609.405273
3083.222622	0.780322	0.079452	8417.819336
3083.223657	0.102151	0.079452	8523.545898
3083.224549	0.098441	0.079452	8611.355469
3083.225502	0.098383	0.079452	8705.114258
3083.226543	0.098452	0.079452	8807.602539
3083.227471	0.098375	0.079452	8898.894531
3083.228337	0.098364	0.079452	8984.078125
3083.229379	0.098452	0.079452	9086.665039
3083.230392	0.098492	0.079452	9186.437500
3083.231282	0.098342	0.079452	9273.961914
3083.232239	0.098452	0.079452	9368.180664
3084.268215	1.062935	0.089688	447.495483
3084.269263	1.567991	0.089688	2090.749756
3084.270282	1.546242	0.089688	3666.369873
3084.271177	1.506332	0.089688	5014.536621
3084.272136	1.464236	0.089688	6418.738770
3084.273194	1.419708	0.089688	7920.790039
3084.274134	0.612656	0.089688	8496.686523
3084.274997	0.102363	0.089688	8585.026367
3084.276091	0.098302	0.089688	8692.568359
3084.277075	0.098309	0.089688	8789.304687
3084.277968	0.098324	0.089688	8877.108398
3084.278953	0.098441	0.089688	8974.073242
3084.280002	0.098408	0.089688	9077.303711
3084.280899	0.098320	0.089688	9165.497070
3084.281756	0.098375	0.089688	9249.804687
3084.282872	0.098423	0.089688	9359.644531
3084.283850	0.098232	0.089688	9455.715820
3085.274570	1.080037	0.073712	465.495789
3085.275574	1.565669	0.073712	2037.427490
3085.276636	1.546959	0.073712	3680.298340
3085.277516	1.506574	0.073712	5006.083008
3085.278393	1.465858	0.073712	6291.640625
3085.279502	1.421268	0.073712	7867.827148
3085.280470	0.639767	0.073712	8487.121094
3085.281332	0.102905	0.073712	8575.825195
3085.282373	0.098544	0.073712	8678.409180
3085.283396	0.098302	0.073712	8778.971680
3085.284275	0.098375	0.073712	8865.443359
3085.285214	0.098456	0.073712	8957.893555
3085.286270	0.098353	0.073712	9061.754883
3085.287223	0.098416	0.073712	9155.544922
3085.288097	0.098372	0.073712	9241.521484
3085.289156	0.098500	0.073712	9345.833008
3085.290169	0.098452	0.073712	9445.565430
3086.325278	1.118979	0.082659	585.226257
3086.326328	1.570455	0.082659	2234.204346
3086.327253	1.546198	0.082659	3664.437012
3086.328113	1.506562	0.082659	4960.080566
3086.329159	1.460570	0.082659	6487.836914
3086.330162	1.418932	0.082659	7911.025391
3086.331065	0.657733	0.082659	8504.958008
3086.332060	0.102689	0.082659	8607.133789
3086.333108	0.098405	0.082659	8710.261719
3086.334013	0.098503	0.082659	8799.407227
3086.334876	0.098364	0.082659	8884.295898
3086.335988	0.098317	0.082659	8993.624023
3086.336957	0.098445	0.082659	9089.016602
3086.337823	0.098416	0.082659	9174.244141
3086.338897	0.098522	0.082659	9280.056641
3086.339938	0.098412	0.082659	9382.502930
3086.340827	0.098423	0.082659	9470.000977
3087.331881	1.143988	0.069788	615.465576
3087.332958	1.571232	0.069788	2307.682129
3087.333857	1.545161	0.069788	3696.781982
3087.334733	1.504662	0.069788	5014.865723
3087.335824	1.457527	0.069788	6605.027344
3087.336820	1.416068	0.069788	8015.431152
3087.337721	0.558160	0.069788	8518.333984
3087.338711	0.100686	0.069788	8618.012695
3087.339762	0.098401	0.069788	8721.431641
3087.340653	0.098452	0.069788	8809.152344
3087.341526	0.098474	0.069788	8895.120117
3087.342632	0.098525	0.069788	9004.088867
3087.343590	0.098401	0.069788	9098.356445
3087.344458	0.098368	0.069788	9183.740234
3087.345496	0.098529	0.069788	9286.013672
3087.346533	0.098416	0.069788	9388.070312
3087.347426	0.098448	0.069788	9475.984375
3088.379874	1.109560	0.078570	511.507385
3088.380757	1.565852	0.078570	1894.154785
3088.381728	1.553932	0.078570	3403.022461
3088.382796	1.506379	0.078570	5011.835449
3088.383721	1.465137	0.078570	6367.086914
3088.384594	1.427648	0.078570	7613.423340
3088.385678	0.731422	0.078570	8406.285156
3088.386671	0.101309	0.078570	8506.884766
3088.387568	0.098386	0.078570	8595.137695
3088.388555	0.098558	0.078570	8692.415039
3088.389614	0.098383	0.078570	8796.602539
3088.390512	0.098405	0.078570	8884.969727
3088.391375	0.098397	0.078570	8969.886719
3088.392485	0.098518	0.078570	9079.242187
3088.393469	0.098372	0.078570	9176.040039
3088.394331	0.098448	0.078570	9260.902344
3088.395413	0.098492	0.078570	9367.470703
3089.390780	1.064326	0.066996	449.145630
3089.391799	1.564468	0.066996	2043.338135
3089.392849	1.547164	0.066996	3667.860840
3089.393743	1.506438	0.066996	5014.616211
3089.394604	1.466191	0.066996	6277.006836
3089.395709	1.421986	0.066996	7848.301758
3089.396684	0.658136	0.066996	8489.984375
3089.397541	0.103191	0.066996	8578.418945
3089.398600	0.098317	0.066996	8682.536133
3089.399634	0.098445	0.066996	8784.328125
3089.400529	0.098456	0.066996	8872.446289
3089.401448	0.098437	0.066996	8962.910156
3089.402523	0.098437	0.066996	9068.730469
3089.403468	0.098298	0.066996	9161.622070
3089.404335	0.098328	0.066996	9246.872070
3089.405364	0.098624	0.066996	9348.356445
3089.406378	0.098463	0.066996	9448.198242
3090.437094	1.078253	0.073833	498.152954
3090.437985	1.565797	0.073833	1893.278198
3090.438850	1.557469	0.073833	3240.489258
3090.439860	1.512781	0.073833	4768.397949
3090.440823	1.470282	0.073833	6184.279297
3090.441705	1.432863	0.073833	7448.063965
3090.442710	0.977476	0.073833	8430.426758
3090.443612	0.122937	0.073833	8541.316406
3090.444507	0.098405	0.073833	8629.388672
3090.445394	0.098427	0.073833	8716.693359
3090.446337	0.098401	0.073833	8809.485352
3090.447285	0.098401	0.073833	8902.769531
3090.448178	0.098595	0.073833	8990.814453
3090.449091	0.098408	0.073833	9080.661133
3090.450068	0.098379	0.073833	9176.777344
3090.450987	0.098306	0.073833	9267.120117
3090.451870	0.098507	0.073833	9354.101562
3091.448404	1.200117	0.066537	686.467041
3091.449447	1.571722	0.066537	2325.773437
3091.450332	1.545897	0.066537	3693.892334
3091.451263	1.503765	0.066537	5093.897461
3091.452329	1.457128	0.066537	6647.195312
3091.453265	1.417972	0.066537	7974.417480
3091.454143	0.646696	0.066537	8542.215820
3091.455171	0.100558	0.066537	8645.588867
3091.456197	0.098408	0.066537	8746.555664
3091.457086	0.098368	0.066537	8834.004883
3091.458043	0.098474	0.066537	8928.244141
3091.459097	0.098485	0.066537	9032.047852
3091.460027	0.098430	0.066537	9123.587891
3091.460887	0.098372	0.066537	9208.187500
3091.461944	0.098591	0.066537	9312.398437
3091.462944	0.098199	0.066537	9410.597656
3091.463837	0.098386	0.066537	9498.457031
3092.492783	1.122660	0.073820	534.386108
3092.493665	1.566574	0.073820	1916.103882
3092.494631	1.553342	0.073820	3416.632324
3092.495689	1.506368	0.073820	5010.370117
3092.496616	1.464954	0.073820	6368.382324
3092.497479	1.427893	0.073820	7600.654297
3092.498576	0.725372	0.073820	8396.387695
3092.499572	0.101367	0.073820	8497.349609
3092.500449	0.098394	0.073820	8583.640625
3092.501452	0.098437	0.073820	8682.373047
3092.502504	0.098401	0.073820	8785.890625
3092.503401	0.098361	0.073820	8874.120117
3092.504262	0.098437	0.073820	8958.875000
3092.505348	0.098478	0.073820	9065.822266
3092.506299	0.098287	0.073820	9159.293945
3092.507184	0.098423	0.073820	9246.398437
3092.508186	0.098518	0.073820	9345.113281
3093.506743	1.059023	0.064962	444.789856
3093.507662	1.561260	0.064962	1879.587646
3093.508747	1.548519	0.064962	3559.730957
3093.509696	1.506782	0.064962	4989.666992
3093.510568	1.467495	0.064962	6269.322754
3093.511625	1.423565	0.064962	7774.030273
3093.512654	0.631981	0.064962	8424.338867
3093.513549	0.101726	0.064962	8515.383789
3093.514504	0.098441	0.064962	8609.395508
3093.515567	0.098276	0.064962	8713.863281
3093.516499	0.098379	0.064962	8805.552734
3093.517362	0.098470	0.064962	8890.533203
3093.518428	0.098459	0.064962	8995.491211
3093.519422	0.098401	0.064962	9093.301758
3093.520309	0.098375	0.064962	9180.560547
3093.521301	0.098368	0.064962	9278.141602
3093.522348	0.098467	0.064962	9381.236328
3094.548741	1.132342	0.074715	563.906555
3094.549671	1.569027	0.074715	2023.101807
3094.550538	1.553672	0.074715	3370.135254
3094.551602	1.506885	0.074715	4973.460449
3094.552623	1.461559	0.074715	6465.711914
3094.553522	1.424246	0.074715	7746.108887
3094.554502	0.745375	0.074715	8476.576172
3094.555559	0.101254	0.074715	8583.601562
3094.556481	0.098375	0.074715	8674.303711
3094.557345	0.098394	0.074715	8759.315430
3094.558447	0.098555	0.074715	8867.922852
3094.559441	0.098346	0.074715	8965.678711
3094.560336	0.098353	0.074715	9053.705078
3094.561319	0.098558	0.074715	9150.587891
3094.562370	0.098328	0.074715	9253.930664
3094.563256	0.098430	0.074715	9341.139648
3094.564121	0.098361	0.074715	9426.221680
3095.564837	1.154780	0.064443	597.021423
3095.565856	1.571364	0.064443	2198.240967
3095.566735	1.549131	0.064443	3559.927002
3095.567728	1.505621	0.064443	5055.008789
3095.568788	1.458666	0.064443	6601.194336
3095.569687	1.420422	0.064443	7878.154297
3095.570559	0.727980	0.064443	8512.953125
3095.571644	0.100752	0.064443	8622.268555
3095.572624	0.098295	0.064443	8718.597656
3095.573520	0.098397	0.064443	8806.761719
3095.574506	0.098452	0.064443	8903.835937
3095.575559	0.098317	0.064443	9007.363281
3095.576462	0.098401	0.064443	9096.219727
3095.577327	0.098383	0.064443	9181.320312
3095.578438	0.098492	0.064443	9290.745117
3095.579414	0.098291	0.064443	9386.676758
3095.580279	0.098401	0.064443	9471.793945
3096.605196	1.136792	0.073744	571.806396
3096.606124	1.569514	0.073744	2028.315552
3096.606987	1.553712	0.073744	3369.168945
3096.608054	1.507167	0.073744	4977.315918
3096.609054	1.462632	0.073744	6439.947754
3096.609946	1.425469	0.073744	7711.465820
3096.610928	0.782849	0.073744	8480.223633
3096.611967	0.102671	0.073744	8586.898437
3096.612881	0.098331	0.073744	8676.773437
3096.613738	0.098383	0.073744	8761.086914
3096.614805	0.098437	0.073744	8866.120117
3096.615798	0.098331	0.073744	8963.762695
3096.616671	0.098320	0.073744	9049.596680
3096.617630	0.098529	0.073744	9144.085937
3096.618682	0.098383	0.073744	9247.583984
3096.619598	0.098456	0.073744	9337.769531
3096.620466	0.098317	0.073744	9423.108398
3097.621037	1.178767	0.065438	634.176697
3097.622089	1.571686	0.065438	2287.590088
3097.622982	1.546491	0.065438	3668.606201
3097.623868	1.505823	0.065438	5002.765137
3097.624959	1.458724	0.065438	6594.233398
3097.625924	1.418610	0.065438	7963.191406
3097.626793	0.684434	0.065438	8557.963867
3097.627855	0.100939	0.065438	8665.161133
3097.628868	0.098287	0.065438	8764.726562
3097.629759	0.098298	0.065438	8852.310547
3097.630698	0.098434	0.065438	8944.740234
3097.631749	0.098419	0.065438	9048.178711
3097.632685	0.098401	0.065438	9140.282227
3097.633548	0.098463	0.065438	9225.255859
3097.634604	0.098478	0.065438	9329.248047
3097.635625	0.098441	0.065438	9429.756836
3097.636504	0.098364	0.065438	9516.218750
3098.661149	1.152554	0.073498	586.649841
3098.662170	1.571001	0.073498	2190.641846
3098.663073	1.548248	0.073498	3588.709961
3098.664052	1.505120	0.073498	5062.222168
3098.665110	1.457827	0.073498	6604.603516
3098.666039	1.419287	0.073498	7923.121094
3098.666914	0.689605	0.073498	8526.525391
3098.667992	0.100214	0.073498	8634.555664
3098.668983	0.098287	0.073498	8731.958008
3098.669878	0.098335	0.073498	8819.967773
3098.670877	0.098525	0.073498	8918.394531
3098.671932	0.098485	0.073498	9022.295898
3098.672829	0.098339	0.073498	9110.505859
3098.673687	0.098320	0.073498	9194.864258
3098.674771	0.098470	0.073498	9301.606445
3098.675747	0.098416	0.073498	9397.660156
3098.676609	0.098419	0.073498	9482.497070
3099.679429	1.072515	0.064080	462.253815
3099.680320	1.562032	0.064080	1854.024658
3099.681415	1.549120	0.064080	3550.311035
3099.682382	1.506442	0.064080	5007.040039
3099.683248	1.467356	0.064080	6277.770508
3099.684296	1.423978	0.064080	7770.099609
3099.685335	0.641766	0.064080	8436.894531
3099.686218	0.102290	0.064080	8527.216797
3099.687160	0.098401	0.064080	8619.910156
3099.688240	0.098375	0.064080	8726.155273
3099.689158	0.098284	0.064080	8816.379883
3099.690026	0.098441	0.064080	8901.827148
3099.691073	0.098511	0.064080	9004.967773
3099.692095	0.098467	0.064080	9105.600586
3099.692986	0.098372	0.064080	9193.250000
3099.693950	0.098503	0.064080	9288.207031
3099.695001	0.098379	0.064080	9391.603516
3100.717073	1.109813	0.072608	568.224365
3100.718130	1.570089	0.072608	2227.808594
3100.719065	1.545681	0.072608	3673.020508
3100.719928	1.506053	0.072608	4972.744629
3100.720982	1.459614	0.072608	6511.178223
3100.722004	1.417266	0.072608	7959.623535
3100.722903	0.608595	0.072608	8506.750000
3100.723876	0.101979	0.072608	8605.975586
3100.724930	0.098375	0.072608	8709.663086
3100.725840	0.098481	0.072608	8799.281250
3100.726704	0.098328	0.072608	8884.236328
3100.727784	0.098408	0.072608	8990.517578
3100.728768	0.098364	0.072608	9087.307617
3100.729662	0.098386	0.072608	9175.264648
3100.730654	0.098430	0.072608	9272.907227
3100.731715	0.098459	0.072608	9377.373047
3100.732619	0.098456	0.072608	9466.376953
3101.735372	1.095798	0.062247	485.438690
3101.736256	1.564310	0.062247	1868.288940
3101.737282	1.552072	0.062247	3460.714355
3101.738341	1.505790	0.062247	5055.345703
3101.739241	1.464796	0.062247	6373.662109
3101.740131	1.426425	0.062247	7643.179687
3101.741219	0.703905	0.062247	8409.028320
3101.742165	0.102041	0.062247	8505.559570
3101.743027	0.098511	0.062247	8590.475586
3101.744063	0.098540	0.062247	8692.563477
3101.745092	0.098386	0.062247	8793.802734
3101.745972	0.098375	0.062247	8880.373047
3101.746904	0.098416	0.062247	8972.096680
3101.747974	0.098470	0.062247	9077.459961
3101.748910	0.098401	0.062247	9169.563477
3101.749777	0.098533	0.062247	9254.991211
3101.750806	0.098456	0.062247	9356.301758
3102.772664	1.059829	0.070239	445.128235
3102.773648	1.562011	0.070239	1982.146484
3102.774702	1.547128	0.070239	3612.818848
3102.775620	1.506167	0.070239	4995.480469
3102.776489	1.465975	0.070239	6269.413086
3102.777573	1.422041	0.070239	7810.905762
3102.778575	0.618889	0.070239	8431.033203
3102.779474	0.101667	0.070239	8522.432617
3102.780455	0.098419	0.070239	8618.981445
3102.781525	0.098514	0.070239	8724.391602
3102.782427	0.098470	0.070239	8813.211914
3102.783291	0.098529	0.070239	8898.340820
3102.784382	0.098580	0.070239	9005.891602
3102.785351	0.098350	0.070239	9101.192383
3102.786220	0.098525	0.070239	9186.810547
3102.787274	0.098500	0.070239	9290.628906
3102.788310	0.098434	0.070239	9392.606445
3103.794188	1.140590	0.059169	572.575989
3103.795176	1.570855	0.059169	2124.580322
3103.796076	1.549988	0.059169	3519.569336
3103.797072	1.505998	0.059169	5019.543945
3103.798132	1.459677	0.059169	6566.800781
3103.799026	1.421785	0.059169	7837.876465
3103.799931	0.744053	0.059169	8511.244141
3103.801011	0.100873	0.059169	8620.186523
3103.801966	0.098390	0.059169	8714.148437
3103.802830	0.098503	0.059169	8799.255859
3103.803862	0.098518	0.059169	8900.926758
3103.804894	0.098529	0.059169	9002.608398
3103.805774	0.098467	0.059169	9089.258789
3103.806701	0.098485	0.059169	9180.554687
3103.807742	0.098500	0.059169	9283.092773
3103.808688	0.098427	0.059169	9376.204102
3103.809550	0.098430	0.059169	9461.050781
3104.829379	1.067509	0.069615	457.961182
3104.830406	1.565962	0.069615	2066.204102
3104.831443	1.546271	0.069615	3669.687012
3104.832322	1.506149	0.069615	4993.591797
3104.833262	1.464280	0.069615	6370.014648
3104.834338	1.419496	0.069615	7897.392578
3104.835289	0.618962	0.069615	8486.025391
3104.836156	0.102378	0.069615	8574.787109
3104.837196	0.098416	0.069615	8677.139648
3104.838215	0.098397	0.069615	8777.406250
3104.839111	0.098350	0.069615	8865.527344
3104.840059	0.098441	0.069615	8958.849609
3104.841097	0.098573	0.069615	9061.167969
3104.842033	0.098485	0.069615	9153.349609
3104.842893	0.098320	0.069615	9237.905273
3104.843947	0.098331	0.069615	9341.546875
3104.844944	0.098441	0.069615	9439.692383
3105.850176	1.190918	0.058424	663.341309
3105.851257	1.571246	0.058424	2361.858398
3105.852140	1.544421	0.058424	3725.582520
3105.853015	1.503420	0.058424	5041.075195
3105.854115	1.456641	0.058424	6643.379883
3105.855085	1.416574	0.058424	8017.456055
3105.855956	0.615835	0.058424	8553.848633
3105.856975	0.100382	0.058424	8656.137695
3105.858012	0.098430	0.058424	8758.209961
3105.858903	0.098430	0.058424	8845.911133
3105.859831	0.098492	0.058424	8937.312500
3105.860895	0.098544	0.058424	9042.163086
3105.861837	0.098386	0.058424	9134.842773
3105.862702	0.098588	0.058424	9220.121094
3105.863754	0.098591	0.058424	9323.838867
3105.864768	0.098364	0.058424	9423.580078
3105.865656	0.098459	0.058424	9511.011719
3106.884819	1.100676	0.066948	490.901642
3106.885702	1.564537	0.066948	1872.388184
3106.886688	1.553141	0.066948	3403.785156
3106.887757	1.506284	0.066948	5014.002930
3106.888666	1.465173	0.066948	6345.845703
3106.889531	1.427373	0.066948	7580.523437
3106.890654	0.710237	0.066948	8378.119141
3106.891621	0.101671	0.066948	8476.435547
3106.892482	0.098265	0.066948	8561.041992
3106.893537	0.098555	0.066948	8665.017578
3106.894573	0.098361	0.066948	8766.918945
3106.895459	0.098357	0.066948	8854.063477
3106.896386	0.098401	0.066948	8945.281250
3106.897440	0.098507	0.066948	9049.107422
3106.898390	0.098335	0.066948	9142.525391
3106.899251	0.098331	0.066948	9227.188477
3106.900304	0.098485	0.066948	9330.893555
3107.906828	1.118855	0.058122	567.259399
3107.907865	1.570986	0.058122	2196.372070
3107.908768	1.547710	0.058122	3593.954102
3107.909638	1.508174	0.058122	4906.065430
3107.910710	1.461387	0.058122	6472.671875
3107.911658	1.422004	0.058122	7820.731934
3107.912529	0.801724	0.058122	8519.033203
3107.913601	0.102177	0.058122	8628.566406
3107.914617	0.098188	0.058122	8728.326172
3107.915512	0.098536	0.058122	8816.516602
3107.916377	0.098335	0.058122	8901.576172
3107.917464	0.098408	0.058122	9008.545898
3107.918379	0.098383	0.058122	9098.566406
3107.919257	0.098353	0.058122	9184.920898
3107.920237	0.098507	0.058122	9281.458008
3107.921262	0.098284	0.058122	9382.199219
3107.922152	0.098405	0.058122	9469.779297
3108.941270	1.106136	0.066336	499.973663
3108.942155	1.564680	0.066336	1884.715576
3108.943166	1.551888	0.066336	3453.674805
3108.944217	1.505969	0.066336	5036.448242
3108.945119	1.464946	0.066336	6357.830078
3108.945979	1.427234	0.066336	7585.250977
3108.947088	0.727899	0.066336	8392.491211
3108.948054	0.102195	0.066336	8491.210937
3108.948918	0.098372	0.066336	8576.204102
3108.949988	0.098463	0.066336	8681.559570
3108.951016	0.098291	0.066336	8782.602539
3108.951887	0.098412	0.066336	8868.319336
3108.952810	0.098419	0.066336	8959.160156
3108.953878	0.098361	0.066336	9064.208984
3108.954825	0.098423	0.066336	9157.415039
3108.955690	0.098291	0.066336	9242.436523
3108.956724	0.098489	0.066336	9344.273437
3109.964274	1.118705	0.056128	536.978271
3109.965174	1.566815	0.056128	1947.111938
3109.966048	1.555360	0.056128	3306.496582
3109.967111	1.508943	0.056128	4910.502930
3109.968061	1.466591	0.056128	6303.764160
3109.968942	1.429636	0.056128	7563.273437
3109.969888	0.951801	0.056128	8463.676758
3109.970943	0.109644	0.056128	8579.350586
3109.971818	0.098295	0.056128	8665.358398
3109.972675	0.098456	0.056128	8749.735352
3109.973692	0.098459	0.056128	8849.868164
3109.974657	0.098284	0.056128	8944.711914
3109.975531	0.098441	0.056128	9030.749023
3109.976416	0.098350	0.056128	9117.788086
3109.977503	0.098408	0.056128	9224.757812
3109.978395	0.098287	0.056128	9312.429687
3109.979258	0.098291	0.056128	9397.254883
3110.996768	1.152956	0.065373	590.313721
3110.997769	1.570843	0.065373	2162.728027
3110.998655	1.549230	0.065373	3535.345703
3110.999667	1.504691	0.065373	5058.093262
3111.000715	1.458589	0.065373	6586.694336
3111.001614	1.420613	0.065373	7863.825195
3111.002496	0.724453	0.065373	8502.792969
3111.003606	0.100474	0.065373	8614.318359
3111.004567	0.098302	0.065373	8708.786133
3111.005424	0.098390	0.065373	8793.106445
3111.006446	0.098544	0.065373	8893.818359
3111.007486	0.098408	0.065373	8996.163086
3111.008376	0.098416	0.065373	9083.752930
3111.009299	0.098489	0.065373	9174.658203
3111.010363	0.098412	0.065373	9279.368164
3111.011308	0.098364	0.065373	9372.322266
3111.012180	0.098375	0.065373	9458.105469
3112.021199	1.084307	0.053389	469.504822
3112.022085	1.563981	0.053389	1855.191650
3112.022962	1.557415	0.053389	3221.044189
3112.023923	1.516908	0.053389	4678.792969
3112.024852	1.473116	0.053389	6047.318359
3112.025788	1.434408	0.053389	7389.924316
3112.026655	1.118280	0.053389	8359.472656
3112.027694	0.131583	0.053389	8496.187500
3112.028584	0.098258	0.053389	8583.636719
3112.029456	0.098427	0.053389	8669.464844
3112.030466	0.098427	0.053389	8768.875977
3112.031359	0.098324	0.053389	8856.679687
3112.032265	0.098313	0.053389	8945.750977
3112.033140	0.098467	0.053389	9031.909180
3112.034162	0.098375	0.053389	9132.448242
3112.035056	0.098427	0.053389	9220.441406
3112.035942	0.098558	0.053389	9307.763672
3113.052401	1.096952	0.065498	523.246033
3113.053475	1.569111	0.065498	2208.471680
3113.054428	1.545205	0.065498	3681.052246
3113.055294	1.506006	0.065498	4985.253418
3113.056349	1.459918	0.065498	6525.467285
3113.057371	1.417533	0.065498	7974.186035
3113.058259	0.624119	0.065498	8528.403320
3113.059219	0.102675	0.065498	8626.970703
3113.060268	0.098423	0.065498	8730.215820
3113.061182	0.098350	0.065498	8820.107422
3113.062047	0.098558	0.065498	8905.360352
3113.063080	0.098492	0.065498	9007.103516
3113.064094	0.098287	0.065498	9106.766602
3113.064979	0.098364	0.065498	9193.819336
3113.065951	0.098496	0.065498	9289.557617
3113.067008	0.098500	0.065498	9393.671875
3113.067932	0.098313	0.065498	9484.512695
3114.077639	1.072372	0.053763	466.481750
3114.078511	1.562794	0.053763	1829.238281
3114.079558	1.551247	0.053763	3453.394531
3114.080577	1.506467	0.053763	4988.484863
3114.081480	1.465818	0.053763	6312.118164
3114.082439	1.426348	0.053763	7679.985352
3114.083491	0.706967	0.053763	8423.713867
3114.084427	0.102173	0.053763	8519.347656
3114.085288	0.098383	0.053763	8604.054687
3114.086362	0.098588	0.053763	8709.937500
3114.087369	0.098470	0.053763	8809.097656
3114.088253	0.098361	0.053763	8896.048828
3114.089238	0.098467	0.053763	8993.039062
3114.090293	0.098401	0.053763	9096.851562
3114.091202	0.098427	0.053763	9186.321289
3114.092059	0.098437	0.053763	9270.682617
3114.093147	0.098573	0.053763	9377.929687
3115.108290	1.078231	0.064144	464.717651
3115.109177	1.561941	0.064144	1850.159180
3115.110271	1.549592	0.064144	3545.413086
3115.111165	1.508877	0.064144	4894.349121
3115.112038	1.470029	0.064144	6177.684570
3115.113073	1.427300	0.064144	7654.939941
3115.114074	0.790247	0.064144	8445.976562
3115.114970	0.107179	0.064144	8542.008789
3115.115825	0.098368	0.064144	8626.113281
3115.116899	0.098533	0.064144	8731.937500
3115.117799	0.098335	0.064144	8820.439453
3115.118682	0.098423	0.064144	8907.346680
3115.119664	0.098507	0.064144	9004.081055
3115.120664	0.098331	0.064144	9102.412109
3115.121560	0.098470	0.064144	9190.641602
3115.122421	0.098448	0.064144	9275.405273
3115.123516	0.098478	0.064144	9383.238281
3116.133873	1.132723	0.051878	536.910889
3116.134758	1.566042	0.051878	1922.858398
3116.135771	1.551072	0.051878	3494.094238
3116.136816	1.504720	0.051878	5066.527344
3116.137718	1.463950	0.051878	6387.010742
3116.138580	1.425970	0.051878	7616.197266
3116.139687	0.695306	0.051878	8385.901367
3116.140662	0.101104	0.051878	8484.477539
3116.141533	0.098320	0.051878	8570.114258
3116.142579	0.098481	0.051878	8673.125977
3116.143615	0.098430	0.051878	8775.099609
3116.144504	0.098427	0.051878	8862.600586
3116.145412	0.098478	0.051878	8952.018555
3116.146491	0.098419	0.051878	9058.212891
3116.147445	0.098309	0.051878	9152.000000
3116.148310	0.098401	0.051878	9237.117187
3116.149340	0.098485	0.051878	9338.556641
3117.164997	1.078561	0.062312	469.173950
3117.165859	1.561761	0.062312	1815.412354
3117.166926	1.551328	0.062312	3470.679687
3117.167816	1.511697	0.062312	4816.089844
3117.168695	1.472146	0.062312	6110.105957
3117.169644	1.432408	0.062312	7469.461426
3117.170627	1.006406	0.062312	8458.758789
3117.171532	0.124673	0.062312	8571.587891
3117.172410	0.098361	0.062312	8657.948242
3117.173420	0.098372	0.062312	8757.303711
3117.174320	0.098375	0.062312	8845.841797
3117.175195	0.098427	0.062312	8931.964844
3117.176055	0.098386	0.062312	9016.577148
3117.177109	0.098302	0.062312	9120.187500
3117.177988	0.098430	0.062312	9206.708008
3117.178863	0.098353	0.062312	9292.767578
3117.179862	0.098474	0.062312	9391.143555
3118.190299	1.113120	0.051995	505.356506
3118.191178	1.564929	0.051995	1880.929199
3118.192141	1.553485	0.051995	3376.935303
3118.193211	1.506390	0.051995	4988.772949
3118.194133	1.465206	0.051995	6339.693359
3118.195002	1.427670	0.051995	7580.338379
3118.196096	0.742621	0.051995	8392.765625
3118.197072	0.101697	0.051995	8492.021484
3118.197954	0.098361	0.051995	8578.775391
3118.198952	0.098536	0.051995	8677.114258
3118.200012	0.098328	0.051995	8781.341797
3118.200900	0.098394	0.051995	8868.714844
3118.201767	0.098427	0.051995	8954.050781
3118.202876	0.098361	0.051995	9063.132812
3118.203840	0.098408	0.051995	9157.998047
3118.204707	0.098419	0.051995	9243.327148
3118.205743	0.098459	0.051995	9345.331055
3119.220445	1.089778	0.062158	482.771576
3119.221324	1.563409	0.062158	1857.008545
3119.222192	1.557360	0.062158	3208.796631
3119.223254	1.512697	0.062158	4815.280273
3119.224126	1.471864	0.062158	6098.745605
3119.225007	1.434738	0.062158	7362.749512
3119.225896	1.098490	0.062158	8339.306641
3119.226946	0.126368	0.062158	8471.993164
3119.227840	0.098199	0.062158	8559.783203
3119.228701	0.098368	0.062158	8644.477539
3119.229799	0.098412	0.062158	8752.534180
3119.230707	0.098295	0.062158	8841.786133
3119.231621	0.098368	0.062158	8931.694336
3119.232480	0.098251	0.062158	9016.091797
3119.233518	0.098386	0.062158	9118.216797
3119.234397	0.098342	0.062158	9204.660156
3119.235267	0.098394	0.062158	9290.262695
3120.247999	1.078374	0.048833	462.622467
3120.249080	1.568500	0.048833	2158.170654
3120.250097	1.544275	0.048833	3728.698242
3120.250973	1.504691	0.048833	5046.807617
3120.251942	1.461676	0.048833	6463.171875
3120.253006	1.417848	0.048833	7971.761719
3120.253918	0.597506	0.048833	8516.687500
3120.254783	0.102136	0.048833	8605.035156
3120.255871	0.098412	0.048833	8712.107422
3120.256861	0.098386	0.048833	8809.509766
3120.257753	0.098379	0.048833	8897.263672
3120.258747	0.098514	0.048833	8995.186523
3120.259812	0.098470	0.048833	9100.057617
3120.260699	0.098397	0.048833	9187.335937
3120.261577	0.098547	0.048833	9273.860352
3120.262676	0.098474	0.048833	9382.083008
3120.263630	0.098287	0.048833	9475.849609
3121.277146	1.100955	0.060402	494.328583
3121.278072	1.565742	0.060402	1944.205811
3121.278941	1.554496	0.060402	3295.062500
3121.279997	1.509748	0.060402	4889.356934
3121.280886	1.469451	0.060402	6195.698242
3121.281763	1.432559	0.060402	7452.052246
3121.282763	0.965889	0.060402	8417.941406
3121.283692	0.118044	0.060402	8527.604492
3121.284607	0.098397	0.060402	8617.637695
3121.285484	0.098481	0.060402	8704.005859
3121.286527	0.098522	0.060402	8806.763672
3121.287426	0.098298	0.060402	8895.133789
3121.288303	0.098386	0.060402	8981.418945
3121.289264	0.098470	0.060402	9076.048828
3121.290236	0.098500	0.060402	9171.791016
3121.291158	0.098405	0.060402	9262.519531
3121.292020	0.098383	0.060402	9347.325195
3122.303442	1.079788	0.049340	472.946960
3122.304317	1.563655	0.049340	1841.144775
3122.305331	1.551830	0.049340	3414.700195
3122.306378	1.505929	0.049340	4991.407715
3122.307274	1.465712	0.049340	6304.685547
3122.308215	1.426736	0.049340	7647.244141
3122.309282	0.703326	0.049340	8397.693359
3122.310236	0.101770	0.049340	8494.782227
3122.311098	0.098357	0.049340	8579.565430
3122.312163	0.098467	0.049340	8684.432617
3122.313164	0.098306	0.049340	8782.836914
3122.314053	0.098452	0.049340	8870.361328
3122.315022	0.098514	0.049340	8965.822266
3122.316059	0.098485	0.049340	9067.951172
3122.316976	0.098474	0.049340	9158.251953
3122.317835	0.098419	0.049340	9242.793945
3122.318896	0.098551	0.049340	9347.356445
3123.333576	1.076664	0.060954	468.348785
3123.334449	1.562933	0.060954	1832.789551
3123.335312	1.557122	0.060954	3176.585449
3123.336371	1.512426	0.060954	4778.244141
3123.337265	1.471989	0.060954	6094.202148
3123.338147	1.435085	0.060954	7359.947266
3123.339123	1.069838	0.060954	8404.108398
3123.340097	0.127203	0.060954	8528.004883
3123.341021	0.098390	0.060954	8618.916992
3123.341889	0.098489	0.060954	8704.405273
3123.342932	0.098306	0.060954	8806.938477
3123.343815	0.098492	0.060954	8893.907227
3123.344693	0.098529	0.060954	8980.416016
3123.345627	0.098412	0.060954	9072.333008
3123.346627	0.098273	0.060954	9170.605469
3123.347521	0.098383	0.060954	9258.559570
3123.348412	0.098481	0.060954	9346.306641
3124.358688	1.154689	0.050307	590.045959
3124.359685	1.570829	0.050307	2156.162354
3124.360575	1.549252	0.050307	3534.996338
3124.361573	1.505339	0.050307	5037.325195
3124.362630	1.458684	0.050307	6579.154297
3124.363533	1.420408	0.050307	7861.782227
3124.364403	0.744137	0.050307	8509.181641
3124.365515	0.101144	0.050307	8621.653320
3124.366490	0.098386	0.050307	8717.580078
3124.367352	0.098533	0.050307	8802.515625
3124.368448	0.098419	0.050307	8910.382812
3124.369478	0.098372	0.050307	9011.705078
3124.370350	0.098456	0.050307	9097.558594
3124.371262	0.098544	0.050307	9187.430664
3124.372337	0.098448	0.050307	9293.262695
3124.373285	0.098511	0.050307	9386.650391
3124.374154	0.098529	0.050307	9472.272461
3125.389349	1.160892	0.060148	604.824951
3125.390237	1.567943	0.060148	1997.158447
3125.391104	1.553980	0.060148	3344.458740
3125.392029	1.512777	0.060148	4743.777344
3125.393022	1.467931	0.060148	6201.432617
3125.393951	1.429512	0.060148	7529.449219
3125.394840	1.064161	0.060148	8475.488281
3125.395832	0.129280	0.060148	8603.733398
3125.396755	0.098430	0.060148	8694.583984
3125.397675	0.098463	0.060148	8785.169922
3125.398539	0.098459	0.060148	8870.239258
3125.399573	0.098416	0.060148	8972.000977
3125.400450	0.098448	0.060148	9058.339844
3125.401324	0.098416	0.060148	9144.355469
3125.402309	0.098540	0.060148	9241.416992
3125.403233	0.098474	0.060148	9332.407227
3125.404141	0.098496	0.060148	9421.841797
3126.415628	1.134976	0.047874	569.757751
3126.416549	1.569045	0.047874	2014.848389
3126.417414	1.553090	0.047874	3358.270996
3126.418501	1.505885	0.047874	4995.167969
3126.419500	1.461310	0.047874	6455.016602
3126.420397	1.424172	0.047874	7732.499023
3126.421400	0.728829	0.047874	8463.514648
3126.422448	0.101147	0.047874	8569.517578
3126.423346	0.098434	0.047874	8657.911133
3126.424206	0.098522	0.047874	8742.639648
3126.425293	0.098555	0.047874	8849.768555
3126.426285	0.098452	0.047874	8947.432617
3126.427168	0.098478	0.047874	9034.388672
3126.428171	0.098621	0.047874	9133.304687
3126.429220	0.098467	0.047874	9236.596680
3126.430096	0.098445	0.047874	9322.833984
3126.430976	0.098481	0.047874	9409.498047
3127.446242	1.092968	0.059101	489.649445
3127.447119	1.563702	0.059101	1861.016357
3127.447982	1.557510	0.059101	3205.147461
3127.449024	1.513129	0.059101	4781.827637
3127.449920	1.471278	0.059101	6100.092773
3127.450831	1.433020	0.059101	7405.574219
3127.451715	1.096395	0.059101	8374.787109
3127.452752	0.123948	0.059101	8503.321289
3127.453649	0.098383	0.059101	8591.570312
3127.454527	0.098463	0.059101	8678.020508
3127.455525	0.098405	0.059101	8776.228516
3127.456465	0.098357	0.059101	8868.683594
3127.457384	0.098434	0.059101	8959.144531
3127.458251	0.098390	0.059101	9044.448242
3127.459289	0.098485	0.059101	9146.675781
3127.460164	0.098427	0.059101	9232.798828
3127.461037	0.098456	0.059101	9318.750977
3128.471358	1.201849	0.048579	653.806030
3128.472408	1.571078	0.048579	2303.437744
3128.473301	1.545330	0.048579	3683.416992
3128.474237	1.503336	0.048579	5090.539551
3128.475306	1.456099	0.048579	6647.108887
3128.476256	1.416998	0.048579	7993.257324
3128.477127	0.636010	0.048579	8547.221680
3128.478184	0.100162	0.048579	8653.093750
3128.479199	0.098423	0.048579	8752.993164
3128.480091	0.098463	0.048579	8840.822266
3128.481051	0.098412	0.048579	8935.297852
3128.482096	0.098445	0.048579	9038.172852
3128.483010	0.098441	0.048579	9128.148437
3128.483867	0.098328	0.048579	9212.415039
3128.484940	0.098511	0.048579	9318.117187
3128.485942	0.098430	0.048579	9416.744141
3128.486823	0.098500	0.048579	9503.522461
3129.502214	1.096205	0.058779	549.198669
3129.503126	1.568097	0.058779	1979.302979
3129.504045	1.552379	0.058779	3405.939453
3129.504921	1.513444	0.058779	4731.715820
3129.505938	1.467422	0.058779	6224.083984
3129.506902	1.427772	0.058779	7600.456543
3129.507801	0.975161	0.058779	8477.125977
3129.508785	0.122977	0.058779	8598.135742
3129.509696	0.098331	0.058779	8687.715820
3129.510620	0.098416	0.058779	8778.651367
3129.511491	0.098324	0.058779	8864.291992
3129.512427	0.098405	0.058779	8956.398437
3129.513368	0.098383	0.058779	9048.976562
3129.514258	0.098456	0.058779	9136.602539
3129.515220	0.098503	0.058779	9231.363281
3129.516189	0.098324	0.058779	9326.639648
3129.517114	0.098353	0.058779	9417.616211
3130.527157	1.081293	0.047036	453.061676
3130.528267	1.569243	0.047036	2194.921631
3130.529242	1.544857	0.047036	3701.157227
3130.530116	1.505841	0.047036	5017.262207
3130.531146	1.459936	0.047036	6520.997070
3130.532203	1.416570	0.047036	8018.311523
3130.533106	0.570355	0.047036	8533.341797
3130.534035	0.101704	0.047036	8627.825195
3130.535102	0.098419	0.047036	8732.838867
3130.536035	0.098485	0.047036	8824.725586
3130.536904	0.098459	0.047036	8910.287109
3130.537951	0.098591	0.047036	9013.512695
3130.538974	0.098364	0.047036	9114.139648
3130.539875	0.098573	0.047036	9202.954102
3130.540841	0.098500	0.047036	9298.104492
3130.541879	0.098584	0.047036	9400.434570
3130.542802	0.098522	0.047036	9491.370117
3131.559612	1.067062	0.056027	454.568329
3131.560520	1.561095	0.056027	1872.042603
3131.561610	1.548226	0.056027	3559.609375
3131.562560	1.506127	0.056027	4990.429687
3131.563424	1.467118	0.056027	6258.019531
3131.564490	1.422979	0.056027	7774.914551
3131.565530	0.619523	0.056027	8419.217773
3131.566412	0.101971	0.056027	8509.156250
3131.567392	0.098489	0.056027	8605.674805
3131.568435	0.098503	0.056027	8708.414062
3131.569358	0.098423	0.056027	8799.258789
3131.570215	0.098481	0.056027	8883.657227
3131.571276	0.098602	0.056027	8988.274414
3131.572275	0.098401	0.056027	9086.577148
3131.573156	0.098368	0.056027	9173.239258
3131.574127	0.098566	0.056027	9268.946289
3131.575178	0.098481	0.056027	9372.450195
3132.582365	1.094762	0.047552	491.548126
3132.583230	1.563468	0.047552	1843.947876
3132.584254	1.551636	0.047552	3432.822754
3132.585305	1.505596	0.047552	5015.204102
3132.586185	1.465734	0.047552	6305.049805
3132.587103	1.426996	0.047552	7615.032227
3132.588177	0.734202	0.047552	8403.564453
3132.589133	0.102572	0.047552	8501.623047
3132.589992	0.098390	0.047552	8586.139648
3132.591028	0.098514	0.047552	8688.200195
3132.592073	0.098419	0.047552	8791.047852
3132.592945	0.098522	0.047552	8876.958984
3132.593892	0.098503	0.047552	8970.242187
3132.594941	0.098346	0.047552	9073.407227
3132.595870	0.098459	0.047552	9164.875977
3132.596736	0.098485	0.047552	9250.164062
3132.597794	0.098573	0.047552	9354.454102
3133.614611	1.144014	0.057316	583.446960
3133.615579	1.570074	0.057316	2103.279053
3133.616449	1.551376	0.057316	3452.976074
3133.617504	1.504471	0.057316	5040.193359
3133.618553	1.458321	0.057316	6569.972656
3133.619449	1.420803	0.057316	7843.012207
3133.620395	0.716195	0.057316	8520.533203
3133.621454	0.100294	0.057316	8626.745117
3133.622399	0.098331	0.057316	8719.667969
3133.623262	0.098353	0.057316	8804.546875
3133.624320	0.098430	0.057316	8908.685547
3133.625327	0.098273	0.057316	9007.646484
3133.626210	0.098434	0.057316	9094.563477
3133.627172	0.098489	0.057316	9189.309570
3133.628219	0.098416	0.057316	9292.350586
3133.629144	0.098313	0.057316	9383.290039
3133.630004	0.098379	0.057316	9467.895508
3134.637242	1.088547	0.047524	461.544067
3134.638368	1.570159	0.047524	2229.542480
3134.639267	1.547322	0.047524	3620.584717
3134.640136	1.508540	0.047524	4931.505859
3134.641164	1.463013	0.047524	6435.482910
3134.642146	1.422349	0.047524	7832.229492
3134.643033	0.797783	0.047524	8539.863281
3134.643901	0.109178	0.047524	8634.629883
3134.645010	0.098427	0.047524	8743.785156
3134.645897	0.098306	0.047524	8830.982422
3134.646761	0.098401	0.047524	8916.000977
3134.647840	0.098492	0.047524	9022.274414
3134.648795	0.098251	0.047524	9116.103516
3134.649670	0.098408	0.047524	9202.210937
3134.650532	0.098551	0.047524	9287.162109
3134.651634	0.098536	0.047524	9395.749023
3134.652541	0.098470	0.047524	9485.061523
3135.672267	1.080963	0.056076	473.461853
3135.673132	1.562358	0.056076	1824.901855
3135.674192	1.550347	0.056076	3468.269531
3135.675192	1.506138	0.056076	4974.407227
3135.676087	1.466147	0.056076	6286.609375
3135.677063	1.426029	0.056076	7678.414062
3135.678121	0.699573	0.056076	8418.562500
3135.679038	0.102653	0.056076	8512.695312
3135.679903	0.098441	0.056076	8597.846680
3135.680988	0.098470	0.056076	8704.687500
3135.681978	0.098328	0.056076	8802.032227
3135.682855	0.098492	0.056076	8888.410156
3135.683866	0.098551	0.056076	8988.044922
3135.684898	0.098405	0.056076	9089.598633
3135.685794	0.098437	0.056076	9177.798828
3135.686651	0.098416	0.056076	9262.140625
3135.687765	0.098654	0.056076	9372.041016
3136.693945	1.066996	0.045538	447.071259
3136.694980	1.568807	0.045538	2070.786865
3136.695870	1.551581	0.045538	3451.693848
3136.696748	1.512843	0.045538	4779.969727
3136.697713	1.470139	0.045538	6198.654297
3136.698684	1.429131	0.045538	7586.340332
3136.699597	0.976956	0.045538	8478.300781
3136.700480	0.124460	0.045538	8588.199219
3136.701500	0.098434	0.045538	8688.601562
3136.702397	0.098390	0.045538	8776.857422
3136.703280	0.098372	0.045538	8863.719727
3136.704172	0.098463	0.045538	8951.548828
3136.705211	0.098474	0.045538	9053.863281
3136.706106	0.098328	0.045538	9141.866211
3136.706983	0.098419	0.045538	9228.179687
3136.707992	0.098474	0.045538	9327.540039
3136.708903	0.098467	0.045538	9417.243164
3137.728004	1.125839	0.054646	559.541809
3137.728906	1.567939	0.054646	1973.823242
3137.729770	1.552753	0.054646	3315.401611
3137.730878	1.505468	0.054646	4983.459473
3137.731856	1.462764	0.054646	6414.042480
3137.732725	1.426157	0.054646	7653.373047
3137.733765	0.740101	0.054646	8423.078125
3137.734782	0.101843	0.054646	8526.652344
3137.735669	0.098390	0.054646	8613.923828
3137.736574	0.098379	0.054646	8702.957031
3137.737656	0.098518	0.054646	8809.553711
3137.738613	0.098331	0.054646	8903.657227
3137.739473	0.098379	0.054646	8988.262695
3137.740509	0.098518	0.054646	9090.327148
3137.741536	0.098368	0.054646	9191.350586
3137.742411	0.098379	0.054646	9277.432617
3137.743358	0.098467	0.054646	9370.680664
3138.749372	1.064747	0.045719	451.452881
3138.750433	1.567361	0.045719	2114.422607
3138.751462	1.544451	0.045719	3703.662354
3138.752348	1.504724	0.045719	5036.847656
3138.753334	1.461969	0.045719	6478.349121
3138.754387	1.417789	0.045719	7971.281250
3138.755304	0.595968	0.045719	8517.784180
3138.756163	0.102103	0.045719	8605.491211
3138.757233	0.098624	0.045719	8711.019531
3138.758226	0.098441	0.045719	8808.771484
3138.759107	0.098390	0.045719	8895.453125
3138.760078	0.098489	0.045719	8991.085937
3138.761127	0.098445	0.045719	9094.354492
3138.762031	0.098408	0.045719	9183.315430
3138.762899	0.098459	0.045719	9268.778320
3138.763984	0.098481	0.045719	9375.630859
3138.764969	0.098339	0.045719	9472.494141
3139.784684	1.117635	0.053630	527.523926
3139.785564	1.565577	0.053630	1905.232056
3139.786527	1.553079	0.053630	3400.846680
3139.787572	1.506193	0.053630	4974.817871
3139.788511	1.464613	0.053630	6350.089844
3139.789376	1.427531	0.053630	7584.903809
3139.790454	0.758954	0.053630	8403.055664
3139.791457	0.101997	0.053630	8505.358398
3139.792336	0.098390	0.053630	8591.842773
3139.793323	0.098408	0.053630	8688.971680
3139.794384	0.098375	0.053630	8793.347656
3139.795288	0.098448	0.053630	8882.344727
3139.796145	0.098474	0.053630	8966.737305
3139.797234	0.098441	0.053630	9073.939453
3139.798229	0.098320	0.053630	9171.768555
3139.799109	0.098492	0.053630	9258.441406
3139.800102	0.098555	0.053630	9356.306641
3140.805314	1.069845	0.046307	454.684113
3140.806195	1.560974	0.046307	1829.902344
3140.807288	1.549025	0.046307	3522.986328
3140.808252	1.506471	0.046307	4975.224609
3140.809117	1.467257	0.046307	6244.401855
3140.810167	1.423960	0.046307	7739.559570
3140.811199	0.669613	0.046307	8430.600586
3140.812086	0.102949	0.046307	8521.916992
3140.813032	0.098361	0.046307	8614.965820
3140.814099	0.098251	0.046307	8719.799805
3140.815036	0.098456	0.046307	8812.052734
3140.815894	0.098335	0.046307	8896.423828
3140.816931	0.098456	0.046307	8998.522461
3140.817960	0.098276	0.046307	9099.648437
3140.818852	0.098284	0.046307	9187.317383
3140.819812	0.098448	0.046307	9281.828125
3140.820877	0.098375	0.046307	9386.597656
3141.840926	1.151759	0.053892	592.004150
3141.841813	1.568049	0.053892	1982.863892
3141.842691	1.553690	0.053892	3347.003906
3141.843694	1.509423	0.053892	4860.955078
3141.844690	1.464511	0.053892	6319.607422
3141.845590	1.427322	0.053892	7604.197266
3141.846591	0.825135	0.053892	8430.158203
3141.847645	0.103206	0.053892	8538.936523
3141.848537	0.098306	0.053892	8626.625000
3141.849413	0.098408	0.053892	8712.831055
3141.850498	0.098485	0.053892	8819.687500
3141.851462	0.098408	0.053892	8914.552734
3141.852334	0.098412	0.053892	9000.368164
3141.853380	0.098437	0.053892	9103.333984
3141.854401	0.098295	0.053892	9203.692383
3141.855282	0.098401	0.053892	9290.383789
3141.856202	0.098408	0.053892	9380.918945
3142.860824	1.141487	0.044446	581.016785
3142.861718	1.567987	0.044446	1982.797119
3142.862581	1.552430	0.044446	3322.544434
3142.863697	1.505281	0.044446	5002.437500
3142.864652	1.462789	0.044446	6399.401367
3142.865519	1.426417	0.044446	7636.104980
3142.866573	0.729423	0.044446	8404.916016
3142.867613	0.101085	0.044446	8510.044922
3142.868504	0.098273	0.044446	8597.605469
3142.869429	0.098423	0.044446	8688.646484
3142.870491	0.098474	0.044446	8793.225586
3142.871440	0.098280	0.044446	8886.493164
3142.872303	0.098313	0.044446	8971.336914
3142.873361	0.098496	0.044446	9075.545898
3142.874378	0.098276	0.044446	9175.493164
3142.875269	0.098456	0.044446	9263.217773
3142.876219	0.098383	0.044446	9356.681641
3143.897120	1.156915	0.054235	588.869873
3143.898063	1.569492	0.054235	2068.900879
3143.898931	1.551475	0.054235	3415.580811
3143.900015	1.504124	0.054235	5046.050781
3143.901029	1.459025	0.054235	6525.501953
3143.901915	1.422162	0.054235	7785.537109
3143.902907	0.708069	0.054235	8487.941406
3143.903936	0.100924	0.054235	8591.791992
3143.904851	0.098240	0.054235	8681.681641
3143.905712	0.098298	0.054235	8766.316406
3143.906800	0.098448	0.054235	8873.428711
3143.907798	0.098309	0.054235	8971.541016
3143.908669	0.098229	0.054235	9057.098633
3143.909652	0.098335	0.054235	9153.761719
3143.910698	0.098459	0.054235	9256.750000
3143.911596	0.098412	0.054235	9345.124023
3143.912465	0.098273	0.054235	9430.523437
3144.916514	1.159834	0.043455	598.474365
3144.917544	1.570360	0.043455	2215.945312
3144.918428	1.547395	0.043455	3583.842529
3144.919404	1.504512	0.043455	5052.246094
3144.920483	1.456945	0.043455	6624.289062
3144.921391	1.418635	0.043455	7912.410156
3144.922258	0.703682	0.043455	8522.501953
3144.923330	0.100627	0.043455	8630.375000
3144.924333	0.098265	0.043455	8728.935547
3144.925225	0.098430	0.043455	8816.735352
3144.926209	0.098405	0.043455	8913.565430
3144.927270	0.098496	0.043455	9018.069336
3144.928178	0.098306	0.043455	9107.331055
3144.929042	0.098485	0.043455	9192.421875
3144.930152	0.098419	0.043455	9301.666992
3144.931115	0.098313	0.043455	9396.342773
3144.931984	0.098243	0.043455	9481.715820
3145.954050	1.142659	0.052204	556.474731
3145.954939	1.567009	0.052204	1949.545898
3145.955885	1.552009	0.052204	3417.746582
3145.956949	1.504929	0.052204	5018.991211
3145.957886	1.463210	0.052204	6390.019531
3145.958750	1.426395	0.052204	7622.424805
3145.959819	0.733854	0.052204	8406.914062
3145.960813	0.101558	0.052204	8507.862305
3145.961707	0.098342	0.052204	8595.780273
3145.962686	0.098339	0.052204	8692.053711
3145.963731	0.098313	0.052204	8794.791016
3145.964648	0.098412	0.052204	8885.035156
3145.965510	0.098408	0.052204	8969.863281
3145.966585	0.098463	0.052204	9075.710937
3145.967575	0.098306	0.052204	9173.033203
3145.968455	0.098276	0.052204	9259.516602
3145.969452	0.098408	0.052204	9357.629883
3146.971338	1.076246	0.044760	472.472107
3146.972213	1.562541	0.044760	1839.695801
3146.973079	1.555902	0.044760	3187.106934
3146.974140	1.511975	0.044760	4791.312500
3146.975016	1.471842	0.044760	6080.645996
3146.975899	1.434990	0.044760	7347.742187
3146.976908	1.033359	0.044760	8390.401367
3146.977836	0.128031	0.044760	8509.213867
3146.978764	0.098269	0.044760	8600.407227
3146.979629	0.098441	0.044760	8685.558594
3146.980675	0.098167	0.044760	8788.241211
3146.981564	0.098203	0.044760	8875.543945
3146.982440	0.098379	0.044760	8961.723633
3146.983412	0.098485	0.044760	9057.451172
3146.984370	0.098313	0.044760	9151.634766
3146.985294	0.098463	0.044760	9242.614258
3146.986163	0.098306	0.044760	9328.041992
3148.010253	1.134569	0.051967	569.553650
3148.011163	1.567720	0.051967	1996.178467
3148.012032	1.551976	0.051967	3344.845947
3148.013145	1.504662	0.051967	5019.534668
3148.014127	1.461141	0.051967	6454.375488
3148.014998	1.424696	0.051967	7695.285645
3148.016045	0.709911	0.051967	8438.562500
3148.017081	0.100697	0.051967	8542.884766
3148.017951	0.098361	0.051967	8628.458008
3148.018838	0.098408	0.051967	8715.746094
3148.019939	0.098309	0.051967	8823.984375
3148.020892	0.098309	0.051967	8917.672852
3148.021763	0.098287	0.051967	9003.281250
3148.022780	0.098470	0.051967	9103.425781
3148.023818	0.098375	0.051967	9205.539062
3148.024711	0.098346	0.051967	9293.362305
3148.025649	0.098448	0.051967	9385.707031
3149.026829	1.139070	0.044474	564.978638
3149.027732	1.567749	0.044474	1980.656006
3149.028609	1.554071	0.044474	3343.576172
3149.029618	1.510107	0.044474	4867.274414
3149.030613	1.465148	0.044474	6325.096680
3149.031502	1.427706	0.044474	7594.327637
3149.032374	0.973019	0.044474	8442.799805
3149.033465	0.108962	0.044474	8561.677734
3149.034377	0.098306	0.044474	8651.332031
3149.035258	0.098386	0.044474	8738.010742
3149.036239	0.098522	0.044474	8834.660156
3149.037231	0.098478	0.044474	8932.350586
3149.038119	0.098437	0.044474	9019.762695
3149.038979	0.098397	0.044474	9104.384766
3149.040074	0.098452	0.044474	9212.189453
3149.040980	0.098416	0.044474	9301.353516
3149.041851	0.098397	0.044474	9387.057617
3150.066942	1.129493	0.051717	550.063293
3150.067832	1.566702	0.051717	1944.427734
3150.068762	1.552504	0.051717	3388.256348
3150.069822	1.505775	0.051717	4984.377930
3150.070757	1.464316	0.051717	6353.513672
3150.071621	1.427596	0.051717	7586.957031
3150.072688	0.769091	0.051717	8407.577148
3150.073708	0.101964	0.051717	8511.580078
3150.074591	0.098419	0.051717	8598.484375
3150.075569	0.098335	0.051717	8694.656250
3150.076624	0.098276	0.051717	8798.337891
3150.077542	0.098295	0.051717	8888.572266
3150.078400	0.098324	0.051717	8972.934570
3150.079432	0.098456	0.051717	9074.541016
3150.080436	0.098419	0.051717	9173.353516
3150.081329	0.098243	0.051717	9261.084961
3150.082301	0.098361	0.051717	9356.691406
3151.082518	1.150664	0.042694	577.633362
3151.083554	1.570422	0.042694	2204.590820
3151.084445	1.547417	0.042694	3583.339355
3151.085410	1.505105	0.042694	5035.765625
3151.086457	1.458497	0.042694	6562.812500
3151.087393	1.419390	0.042694	7891.361328
3151.088260	0.735703	0.042694	8529.215820
3151.089344	0.101173	0.042694	8638.887695
3151.090350	0.098276	0.042694	8737.753906
3151.091227	0.098441	0.042694	8824.086914
3151.092199	0.098584	0.042694	8919.910156
3151.093249	0.098445	0.042694	9023.277344
3151.094152	0.098427	0.042694	9112.156250
3151.095015	0.098511	0.042694	9197.170898
3151.096105	0.098463	0.042694	9304.496094
3151.097098	0.098335	0.042694	9402.142578
3151.097997	0.098434	0.042694	9490.634766
3152.123159	1.140176	0.051032	581.489624
3152.124067	1.568090	0.051032	2005.314941
3152.124930	1.551892	0.051032	3344.597900
3152.126035	1.504995	0.051032	5007.617676
3152.127037	1.460207	0.051032	6470.745605
3152.127918	1.423561	0.051032	7724.902832
3152.128922	0.710603	0.051032	8438.348633
3152.129984	0.100558	0.051032	8545.140625
3152.130870	0.098291	0.051032	8632.226562
3152.131763	0.098427	0.051032	8720.121094
3152.132846	0.098390	0.051032	8826.677734
3152.133806	0.098306	0.051032	8921.050781
3152.134675	0.098342	0.051032	9006.509766
3152.135684	0.098346	0.051032	9105.741211
3152.136716	0.098276	0.051032	9207.162109
3152.137605	0.098397	0.051032	9294.637695
3152.138532	0.098386	0.051032	9385.841797
3153.136631	1.123074	0.044780	542.444580
3153.137514	1.566193	0.044780	1925.392700
3153.138454	1.552284	0.044780	3384.539551
3153.139523	1.505295	0.044780	4993.700195
3153.140462	1.463621	0.044780	6368.040039
3153.141337	1.426553	0.044780	7616.273437
3153.142411	0.728229	0.044780	8398.390625
3153.143426	0.100895	0.044780	8500.798828
3153.144318	0.098357	0.044780	8588.533203
3153.145291	0.098452	0.044780	8684.327148
3153.146348	0.098445	0.044780	8788.383789
3153.147267	0.098346	0.044780	8878.763672
3153.148127	0.098441	0.044780	8963.422852
3153.149206	0.098481	0.044780	9069.684570
3153.150194	0.098317	0.044780	9166.821289
3153.151084	0.098441	0.044780	9254.433594
3153.152081	0.098427	0.044780	9352.564453
3154.179854	1.138206	0.049397	563.411743
3154.180740	1.566412	0.049397	1951.253052
3154.181611	1.554485	0.049397	3305.209473
3154.182537	1.513403	0.049397	4706.621094
3154.183535	1.469260	0.049397	6172.942871
3154.184465	1.430347	0.049397	7503.165039
3154.185346	1.088009	0.049397	8461.701172
3154.186408	0.119385	0.049397	8588.488281
3154.187313	0.098243	0.049397	8677.398437
3154.188188	0.098284	0.049397	8763.396484
3154.189072	0.098262	0.049397	8850.259766
3154.190120	0.098218	0.049397	8953.192383
3154.190999	0.098159	0.049397	9039.474609
3154.191869	0.098437	0.049397	9125.115234
3154.192873	0.098302	0.049397	9223.810547
3154.193772	0.098232	0.049397	9312.121094
3154.194684	0.098295	0.049397	9401.765625
3155.193552	1.076668	0.041646	475.887054
3155.194414	1.562153	0.041646	1822.463257
3155.195440	1.551119	0.041646	3413.911865
3155.196469	1.505782	0.041646	4963.362305
3155.197367	1.465939	0.041646	6279.775391
3155.198317	1.426366	0.041646	7634.823242
3155.199389	0.710684	0.041646	8396.675781
3155.200310	0.102543	0.041646	8491.117187
3155.201179	0.098229	0.041646	8576.477539
3155.202260	0.098269	0.041646	8682.706055
3155.203268	0.098342	0.041646	8781.834961
3155.204164	0.098331	0.041646	8869.939453
3155.205135	0.098375	0.041646	8965.461914
3155.206191	0.098423	0.041646	9069.396484
3155.207106	0.098236	0.041646	9159.282227
3155.207969	0.098448	0.041646	9244.243164
3155.209049	0.098430	0.041646	9350.547852
3156.236529	1.121257	0.049723	521.384644
3156.237411	1.564980	0.049723	1901.697388
3156.238284	1.555785	0.049723	3259.897461
3156.239274	1.513271	0.049723	4758.036133
3156.240207	1.470297	0.049723	6129.822754
3156.241125	1.432211	0.049723	7444.592285
3156.242005	1.115940	0.049723	8426.619141
3156.243057	0.120791	0.049723	8553.691406
3156.243955	0.098339	0.049723	8641.999023
3156.244833	0.098254	0.049723	8728.266602
3156.245797	0.098463	0.049723	8823.185547
3156.246747	0.098269	0.049723	8916.541016
3156.247657	0.098298	0.049723	9005.992187
3156.248523	0.098309	0.049723	9091.127930
3156.249565	0.098309	0.049723	9193.566406
3156.250436	0.098243	0.049723	9279.136719
3156.251313	0.098357	0.049723	9365.395508
3157.247426	1.072394	0.042758	460.056915
3157.248460	1.566398	0.042758	2079.712158
3157.249507	1.544663	0.042758	3696.974365
3157.250398	1.504351	0.042758	5037.350586
3157.251315	1.463144	0.042758	6379.054199
3157.252380	1.419379	0.042758	7890.692383
3157.253338	0.624097	0.042758	8488.577148
3157.254202	0.102448	0.042758	8577.091797
3157.255246	0.098306	0.042758	8679.722656
3157.256261	0.098427	0.042758	8779.625977
3157.257136	0.098302	0.042758	8865.640625
3157.258084	0.098379	0.042758	8958.904297
3157.259151	0.098375	0.042758	9063.871094
3157.260079	0.098459	0.042758	9155.241211
3157.260949	0.098243	0.042758	9240.712891
3157.261979	0.098313	0.042758	9341.975586
3157.262991	0.098276	0.042758	9441.431641
3158.291891	1.079348	0.049453	451.167511
3158.292957	1.569584	0.049453	2124.343750
3158.293862	1.548940	0.049453	3526.134766
3158.294745	1.510089	0.049453	4859.543457
3158.295744	1.466323	0.049453	6324.400391
3158.296677	1.426066	0.049453	7654.919434
3158.297613	0.903691	0.049453	8500.774414
3158.298480	0.116063	0.049453	8601.401367
3158.299516	0.098156	0.049453	8703.090820
3158.300405	0.098339	0.049453	8790.513672
3158.301286	0.098236	0.049453	8877.059570
3158.302258	0.098459	0.049453	8972.761719
3158.303221	0.098331	0.049453	9067.455078
3158.304142	0.098273	0.049453	9157.963867
3158.305005	0.098397	0.049453	9242.880859
3158.306017	0.098405	0.049453	9342.465820
3158.306915	0.098350	0.049453	9430.784180
3159.304776	1.171732	0.041038	664.372131
3159.305836	1.570294	0.041038	2328.884033
3159.306728	1.543685	0.041038	3705.851318
3159.307595	1.503083	0.041038	5009.024414
3159.308678	1.456677	0.041038	6586.605957
3159.309667	1.416116	0.041038	7987.144531
3159.310541	0.624382	0.041038	8532.854492
3159.311589	0.100052	0.041038	8637.709961
3159.312637	0.098247	0.041038	8740.672852
3159.313523	0.098317	0.041038	8827.781250
3159.314433	0.098441	0.041038	8917.362305
3159.315503	0.098353	0.041038	9022.600586
3159.316447	0.098163	0.041038	9115.266602
3159.317313	0.098320	0.041038	9200.412109
3159.318378	0.098405	0.041038	9305.212891
3159.319396	0.098412	0.041038	9405.396484
3159.320286	0.098383	0.041038	9492.957031
3160.347830	1.071555	0.049699	451.124725
3160.348928	1.568009	0.049699	2172.798584
3160.349841	1.547406	0.049699	3585.580322
3160.350719	1.508225	0.049699	4909.801758
3160.351717	1.464946	0.049699	6371.818359
3160.352729	1.422202	0.049699	7811.086914
3160.353613	0.809681	0.049699	8526.845703
3160.354480	0.109336	0.049699	8621.639648
3160.355551	0.098291	0.049699	8726.909180
3160.356473	0.098309	0.049699	8817.550781
3160.357352	0.098280	0.049699	8903.938477
3160.358322	0.098474	0.049699	8999.458008
3160.359340	0.098221	0.049699	9099.447266
3160.360238	0.098372	0.049699	9187.785156
3160.361100	0.098383	0.049699	9272.590820
3160.362159	0.098324	0.049699	9376.715820
3160.363088	0.098210	0.049699	9467.953125
3161.359106	1.131317	0.041014	557.739380
3161.359990	1.566595	0.041014	1942.609741
3161.360924	1.552108	0.041014	3392.278809
3161.362002	1.504581	0.041014	5014.217773
3161.362954	1.462646	0.041014	6406.657227
3161.363827	1.425721	0.041014	7651.312012
3161.364894	0.707882	0.041014	8406.622070
3161.365913	0.100452	0.041014	8508.982422
3161.366805	0.098254	0.041014	8596.625000
3161.367773	0.098390	0.041014	8691.866211
3161.368814	0.098353	0.041014	8794.251953
3161.369743	0.098361	0.041014	8885.628906
3161.370604	0.098423	0.041014	8970.371094
3161.371674	0.098459	0.041014	9075.722656
3161.372670	0.098397	0.041014	9173.726562
3161.373546	0.098364	0.041014	9259.893555
3161.374533	0.098551	0.041014	9357.163086
3162.404041	1.090279	0.049872	476.452118
3162.404909	1.561707	0.049872	1832.013428
3162.405983	1.549398	0.049872	3496.066895
3162.406879	1.509686	0.049872	4848.745605
3162.407748	1.469022	0.049872	6125.326172
3162.408859	1.424824	0.049872	7708.305664
3162.409767	0.864346	0.049872	8493.131836
3162.410643	0.112830	0.049872	8591.970703
3162.411658	0.098317	0.049872	8691.761719
3162.412639	0.098320	0.049872	8788.213867
3162.413524	0.098320	0.049872	8875.227539
3162.414395	0.098295	0.049872	8960.841797
3162.415400	0.098368	0.049872	9059.701172
3162.416304	0.098115	0.049872	9148.397461
3162.417217	0.098262	0.049872	9238.110352
3162.418090	0.098284	0.049872	9323.912109
3162.419124	0.098302	0.049872	9425.556641
3163.415338	1.163650	0.040885	607.425232
3163.416251	1.568892	0.040885	2039.823242
3163.417115	1.551379	0.040885	3380.215088
3163.418213	1.504146	0.040885	5031.766602
3163.419213	1.459413	0.040885	6491.179687
3163.420100	1.422759	0.040885	7753.166504
3163.421128	0.675886	0.040885	8447.977539
3163.422177	0.100232	0.040885	8553.121094
3163.423056	0.098361	0.040885	8639.580078
3163.423940	0.098423	0.040885	8726.585937
3163.425033	0.098401	0.040885	8834.137695
3163.425997	0.098375	0.040885	8928.971680
3163.426859	0.098437	0.040885	9013.825195
3163.427877	0.098335	0.040885	9113.930664
3163.428907	0.098408	0.040885	9215.291016
3163.429798	0.098372	0.040885	9302.940430
3163.430724	0.098394	0.040885	9394.052734
3164.460476	1.068347	0.048494	454.047516
3164.461493	1.565530	0.048494	2046.191162
3164.462463	1.547977	0.048494	3547.729004
3164.463349	1.508664	0.048494	4884.405762
3164.464211	1.468176	0.048494	6149.973633
3164.465312	1.424279	0.048494	7718.104492
3164.466210	0.868553	0.048494	8498.065430
3164.467082	0.113481	0.048494	8597.021484
3164.468085	0.098459	0.048494	8695.776367
3164.469069	0.098280	0.048494	8792.484375
3164.469959	0.098401	0.048494	8880.061523
3164.470817	0.098437	0.048494	8964.520508
3164.471882	0.098276	0.048494	9069.184570
3164.472791	0.098328	0.048494	9158.564453
3164.473678	0.098481	0.048494	9245.917969
3164.474663	0.098445	0.048494	9342.885742
3164.475665	0.098302	0.048494	9441.384766
3165.470412	1.088276	0.040816	482.106445
3165.471506	1.568796	0.040816	2198.369629
3165.472471	1.544348	0.040816	3688.665527
3165.473339	1.505413	0.040816	4995.363770
3165.474377	1.459376	0.040816	6510.196289
3165.475420	1.416299	0.040816	7987.395996
3165.476316	0.603516	0.040816	8528.146484
3165.477272	0.102191	0.040816	8625.840820
3165.478319	0.098544	0.040816	8729.015625
3165.479260	0.098445	0.040816	8821.652344
3165.480129	0.098599	0.040816	8907.334961
3165.481199	0.098558	0.040816	9012.791992
3165.482202	0.098357	0.040816	9111.444336
3165.483095	0.098547	0.040816	9199.447266
3165.484068	0.098628	0.040816	9295.412109
3165.485113	0.098555	0.040816	9398.401367
3165.486020	0.098577	0.040816	9487.810547
3166.516158	1.064564	0.049115	453.504364
3166.517034	1.561967	0.049115	1821.787109
3166.517955	1.555529	0.049115	3254.428711
3166.518968	1.512184	0.049115	4786.270996
3166.519904	1.470037	0.049115	6162.225098
3166.520770	1.433240	0.049115	7403.410645
3166.521843	0.946765	0.049115	8419.290039
3166.522727	0.120403	0.049115	8525.726562
3166.523593	0.098361	0.049115	8610.907227
3166.524463	0.098489	0.049115	8696.592773
3166.525525	0.098386	0.049115	8801.079102
3166.526423	0.098372	0.049115	8889.416992
3166.527302	0.098401	0.049115	8975.911133
3166.528293	0.098478	0.049115	9073.502930
3166.529226	0.098331	0.049115	9165.246094
3166.530155	0.098522	0.049115	9256.772461
3166.531019	0.098547	0.049115	9341.916992
3167.525357	1.124454	0.039765	525.120117
3167.526238	1.565310	0.039765	1904.158325
3167.527256	1.550757	0.039765	3482.828613
3167.528320	1.503483	0.039765	5082.534180
3167.529228	1.462401	0.039765	6410.394531
3167.530096	1.424392	0.039765	7646.766602
3167.531191	0.669078	0.039765	8379.407227
3167.532173	0.100507	0.039765	8478.104492
3167.533041	0.098430	0.039765	8563.541992
3167.534092	0.098500	0.039765	8667.065430
3167.535141	0.098405	0.039765	8770.291992
3167.536031	0.098445	0.039765	8857.908203
3167.536942	0.098478	0.039765	8947.621094
3167.538026	0.098456	0.039765	9054.347656
3167.538972	0.098573	0.039765	9147.597656
3167.539840	0.098405	0.039765	9233.012695
3167.540893	0.098580	0.039765	9336.817383
3168.573114	1.062341	0.047197	448.308044
3168.574078	1.560941	0.047197	1953.055420
3168.575115	1.547677	0.047197	3557.996338
3168.576014	1.507617	0.047197	4913.344238
3168.576882	1.468498	0.047197	6188.000977
3168.577946	1.424356	0.047197	7703.515137
3168.578897	0.809183	0.047197	8473.048828
3168.579774	0.108398	0.047197	8568.114258
3168.580720	0.098481	0.047197	8661.277344
3168.581770	0.098456	0.047197	8764.656250
3168.582664	0.098423	0.047197	8852.646484
3168.583525	0.098511	0.047197	8937.463867
3168.584599	0.098496	0.047197	9043.249023
3168.585542	0.098408	0.047197	9136.047852
3168.586416	0.098434	0.047197	9222.079102
3168.587348	0.098533	0.047197	9313.911133
3168.588405	0.098470	0.047197	9417.994141
3169.581578	1.134690	0.039274	565.075562
3169.582464	1.567134	0.039274	1953.556152
3169.583361	1.552478	0.039274	3346.128906
3169.584460	1.504801	0.039274	4999.905273
3169.585431	1.462163	0.039274	6419.665527
3169.586296	1.425652	0.039274	7652.854492
3169.587352	0.718246	0.039274	8411.322266
3169.588365	0.101155	0.039274	8513.791992
3169.589257	0.098361	0.039274	8601.529297
3169.590212	0.098580	0.039274	8695.673828
3169.591256	0.098613	0.039274	8798.625977
3169.592183	0.098573	0.039274	8890.002930
3169.593044	0.098606	0.039274	8974.902344
3169.594110	0.098496	0.039274	9079.899414
3169.595125	0.098405	0.039274	9179.780273
3169.596001	0.098434	0.039274	9266.008789
3169.596956	0.098624	0.039274	9360.195312
3170.629062	1.068871	0.047246	463.889923
3170.629932	1.562183	0.047246	1822.988647
3170.630866	1.554847	0.047246	3275.216064
3170.631860	1.511938	0.047246	4778.083008
3170.632772	1.470231	0.047246	6118.933594
3170.633673	1.432852	0.047246	7409.932617
3170.634668	1.020780	0.047246	8425.608398
3170.635588	0.123464	0.047246	8539.195312
3170.636513	0.098430	0.047246	8630.243164
3170.637378	0.098401	0.047246	8715.360352
3170.638416	0.098423	0.047246	8817.523437
3170.639299	0.098522	0.047246	8904.518555
3170.640170	0.098405	0.047246	8990.228516
3170.641179	0.098562	0.047246	9089.677734
3170.642102	0.098492	0.047246	9180.585937
3170.643006	0.098448	0.047246	9269.583008
3170.643886	0.098441	0.047246	9356.210937
3171.636776	1.137986	0.040232	606.546448
3171.637838	1.569606	0.040232	2273.467773
3171.638755	1.544059	0.040232	3689.369629
3171.639617	1.504230	0.040232	4986.015625
3171.640708	1.457596	0.040232	6576.253418
3171.641714	1.415369	0.040232	8000.114258
3171.642608	0.580404	0.040232	8518.995117
3171.643590	0.100909	0.040232	8618.087891
3171.644665	0.098437	0.040232	8723.908203
3171.645534	0.098544	0.040232	8809.542969
3171.646408	0.098419	0.040232	8895.561523
3171.647524	0.098540	0.040232	9005.532227
3171.648485	0.098335	0.040232	9100.032227
3171.649354	0.098437	0.040232	9185.574219
3171.650363	0.098544	0.040232	9285.004883
3171.651403	0.098551	0.040232	9387.498047
3171.652299	0.098401	0.040232	9475.665039
3172.684778	1.114735	0.046730	522.810730
3172.685658	1.565167	0.046730	1900.157959
3172.686642	1.552200	0.046730	3427.522461
3172.687700	1.505171	0.046730	5019.993164
3172.688616	1.463914	0.046730	6360.937988
3172.689482	1.426600	0.046730	7596.374023
3172.690540	0.762898	0.046730	8403.520508
3172.691535	0.102092	0.046730	8505.102539
3172.692422	0.098492	0.046730	8592.464844
3172.693397	0.098635	0.046730	8688.633789
3172.694457	0.098470	0.046730	8793.012695
3172.695365	0.098456	0.046730	8882.410156
3172.696229	0.098430	0.046730	8967.454102
3172.697316	0.098481	0.046730	9074.503906
3172.698299	0.098489	0.046730	9171.318359
3172.699193	0.098492	0.046730	9259.370117
3172.700164	0.098507	0.046730	9355.020508
3173.692601	1.066351	0.037960	450.000244
3173.693667	1.567496	0.037960	2120.951172
3173.694677	1.544769	0.037960	3681.168213
3173.695564	1.505043	0.037960	5016.141113
3173.696531	1.462577	0.037960	6430.453125
3173.697580	1.418785	0.037960	7918.758789
3173.698508	0.636116	0.037960	8509.074219
3173.699370	0.102894	0.037960	8597.769531
3173.700438	0.098632	0.037960	8703.108398
3173.701434	0.098463	0.037960	8801.177734
3173.702308	0.098401	0.037960	8887.179687
3173.703282	0.098496	0.037960	8983.115234
3173.704320	0.098555	0.037960	9085.415039
3173.705223	0.098427	0.037960	9174.293945
3173.706090	0.098518	0.037960	9259.708984
3173.707173	0.098496	0.037960	9366.379883
3173.708164	0.098386	0.037960	9463.880859
3174.740743	1.134269	0.046577	568.268677
3174.741673	1.568437	0.046577	2026.915527
3174.742536	1.552280	0.046577	3366.533447
3174.743606	1.505793	0.046577	4977.732422
3174.744610	1.461193	0.046577	6444.769531
3174.745504	1.424011	0.046577	7717.835449
3174.746502	0.756020	0.046577	8472.343750
3174.747537	0.101792	0.046577	8577.698242
3174.748448	0.098419	0.046577	8667.358398
3174.749308	0.098412	0.046577	8751.992187
3174.750389	0.098551	0.046577	8858.525391
3174.751374	0.098408	0.046577	8955.457031
3174.752254	0.098525	0.046577	9042.159180
3174.753223	0.098518	0.046577	9137.623047
3174.754294	0.098555	0.046577	9243.174805
3174.755180	0.098500	0.046577	9330.445312
3174.756048	0.098511	0.046577	9415.953125
3175.748803	1.072731	0.037344	458.056000
3175.749796	1.563618	0.037344	2010.728882
3175.750851	1.546161	0.037344	3641.928711
3175.751742	1.505391	0.037344	4983.231934
3175.752613	1.465074	0.037344	6259.311523
3175.753689	1.421547	0.037344	7788.895508
3175.754666	0.681310	0.037344	8454.535156
3175.755548	0.103462	0.037344	8545.788086
3175.756542	0.098448	0.037344	8643.645508
3175.757591	0.098533	0.037344	8747.005859
3175.758484	0.098503	0.037344	8834.969727
3175.759367	0.098401	0.037344	8921.857422
3175.760458	0.098602	0.037344	9029.432617
3175.761430	0.098470	0.037344	9125.145508
3175.762295	0.098459	0.037344	9210.312500
3175.763358	0.098419	0.037344	9314.931641
3175.764382	0.098324	0.037344	9415.615234
3176.796962	1.152015	0.045590	594.439880
3176.797925	1.569979	0.045590	2106.329834
3176.798787	1.550885	0.045590	3443.192627
3176.799871	1.503215	0.045590	5072.678223
3176.800902	1.458007	0.045590	6575.882812
3176.801790	1.420499	0.045590	7837.286133
3176.802729	0.719843	0.045590	8513.218750
3176.803802	0.100507	0.045590	8621.062500
3176.804742	0.098408	0.045590	8713.566406
3176.805611	0.098448	0.045590	8799.118164
3176.806648	0.098584	0.045590	8901.349609
3176.807665	0.098445	0.045590	9001.467773
3176.808555	0.098481	0.045590	9089.116211
3176.809518	0.098529	0.045590	9184.000000
3176.810577	0.098496	0.045590	9288.307617
3176.811509	0.098518	0.045590	9380.125977
3176.812373	0.098573	0.045590	9465.292969
3177.803804	1.145508	0.038077	581.917969
3177.804728	1.568507	0.038077	2031.218506
3177.805591	1.552013	0.038077	3370.605713
3177.806661	1.505603	0.038077	4981.601074
3177.807665	1.461083	0.038077	6448.528320
3177.808548	1.424293	0.038077	7706.179199
3177.809552	0.754307	0.038077	8463.502930
3177.810592	0.101660	0.038077	8569.229492
3177.811488	0.098390	0.038077	8657.386719
3177.812355	0.098383	0.038077	8742.684570
3177.813430	0.098544	0.038077	8848.619141
3177.814421	0.098379	0.038077	8946.112305
3177.815319	0.098496	0.038077	9034.561523
3177.816312	0.098584	0.038077	9132.455078
3177.817382	0.098580	0.038077	9237.935547
3177.818270	0.098467	0.038077	9325.374023
3177.819136	0.098470	0.038077	9410.649414
3178.853128	1.137224	0.044639	566.337585
3178.854151	1.569913	0.044639	2172.358887
3178.855051	1.547399	0.044639	3565.017578
3178.856016	1.504951	0.044639	5017.295410
3178.857075	1.457878	0.044639	6561.188477
3178.858000	1.419382	0.044639	7874.117187
3178.858872	0.732393	0.044639	8512.763672
3178.859957	0.101049	0.044639	8622.401367
3178.860933	0.098350	0.044639	8718.390625
3178.861821	0.098489	0.044639	8805.848633
3178.862814	0.098514	0.044639	8903.673828
3178.863860	0.098489	0.044639	9006.693359
3178.864758	0.098507	0.044639	9095.152344
3178.865618	0.098489	0.044639	9179.852539
3178.866697	0.098481	0.044639	9286.114258
3178.867693	0.098397	0.044639	9384.118164
3178.868567	0.098405	0.044639	9470.124023
3179.858871	1.081278	0.037747	455.218079
3179.859985	1.568917	0.037747	2202.991943
3179.860957	1.544392	0.037747	3704.141113
3179.861829	1.505098	0.037747	5016.586426
3179.862877	1.458593	0.037747	6545.191406
3179.863926	1.415559	0.037747	8030.112793
3179.864826	0.558029	0.037747	8532.338867
3179.865757	0.101473	0.037747	8626.810547
3179.866810	0.098547	0.037747	8730.581055
3179.867755	0.098419	0.037747	8823.586914
3179.868617	0.098441	0.037747	8908.443359
3179.869661	0.098628	0.037747	9011.411133
3179.870663	0.098412	0.037747	9110.019531
3179.871554	0.098529	0.037747	9197.808594
3179.872509	0.098507	0.037747	9291.882812
3179.873558	0.098558	0.037747	9395.270508
3179.874478	0.098533	0.037747	9485.920898
3180.907979	1.089840	0.045308	467.541382
3180.908863	1.563435	0.045308	1849.618042
3180.909728	1.555254	0.045308	3194.912598
3180.910794	1.510675	0.045308	4805.291992
3180.911694	1.469810	0.045308	6128.120605
3180.912624	1.431460	0.045308	7459.378418
3180.913496	1.067824	0.045308	8390.520508
3180.914508	0.127185	0.045308	8519.231445
3180.915432	0.098353	0.045308	8610.110352
3180.916297	0.098507	0.045308	8695.319336
3180.917331	0.098401	0.045308	8797.065430
3180.918206	0.098368	0.045308	8883.137695
3180.919128	0.098511	0.045308	8973.964844
3180.919987	0.098588	0.045308	9058.651367
3180.920974	0.098536	0.045308	9155.907227
3180.921902	0.098544	0.045308	9247.355469
3180.922775	0.098514	0.045308	9333.358398
3181.915071	1.068633	0.037678	454.168945
3181.916115	1.567013	0.037678	2090.130371
3181.917133	1.545253	0.037678	3663.197754
3181.918032	1.504695	0.037678	5015.918457
3181.918992	1.462643	0.037678	6420.055664
3181.920053	1.418262	0.037678	7924.831543
3181.920989	0.616952	0.037678	8502.298828
3181.921849	0.102554	0.037678	8590.495117
3181.922919	0.098558	0.037678	8695.952148
3181.923918	0.098302	0.037678	8794.156250
3181.924795	0.098405	0.037678	8880.457031
3181.925786	0.098533	0.037678	8978.102539
3181.926836	0.098470	0.037678	9081.496094
3181.927726	0.098511	0.037678	9169.170898
3181.928593	0.098566	0.037678	9254.626953
3181.929661	0.098621	0.037678	9359.954102
3181.930654	0.098342	0.037678	9457.608398
